

    Midnight
    Mists of Pandaria
    Classic Fresh
    Season of Discovery
    Vanilla

Warcraft Logs
Enter a player, guild, or realm
Enter a player, guild, or realm
Search
128
Download Archon App

    Deutsch
    English
    Español
    Français
    Italiano
    Português (Brasil)
    Русский
    한국어
    繁體中文
    简体中文

Mythic+ Season 1
Created by BudoBoy07 on Sun May 24 2026

    Edit Report
    Delete Report
    Make Private
    View in Anonymous Mode

Settings
+

    VS / DR / MQD
    BudoBoy07 - (Public) - 1 hour ago
    Mythic+ Season 1
    BudoBoy07 - (Public) - 1 hour ago
    Sporefall
    BudoBoy07 - (Public) - 2 months ago
    Sporefall
    BudoBoy07 - (Public) - 2 months ago

BudoBoy07
Personal Logs
+
Pit of Saron+
+21 [Fortified] [Tyrannical] [Xal'atath's Guile] 1 (30:19) 3:50 PM

    + Bosses and Trash
        Bosses and Trash
        Bosses
        Trash
        Forgemaster Garforst
        Krick and Ick
        Scourgelord Tyrannus
        Pull 1 (2:38) +0:10
        Ymirjar Graveblade
        Pull 2 (6:36) +2:54
        Ymirjar Graveblade
        Pull 3 (0:08) +9:34
        Unknown
        Pull 4 (4:03) +9:43
        Forgemaster Garfrost
        Pull 5 (2:14) +13:57
        Ymirjar Graveblade
        Pull 6 (0:06) +16:28
        Rotting Ghoul
        Pull 7 (4:23) +16:35
        Ick and Krick
        Pull 8 (4:16) +21:09
        Glacieth
        Pull 9 (4:11) +25:46
        Scourgelord Tyrannus
        Pull 10 (0:00) +29:57
        Scourge Plaguespreader

Entire Dungeon

    + All Friendlies
        +Wzdkx
            +Abomination
                1

                2

                3

                4

                5

                6

                7

                8

                9

                10
                11

                12

                13

                14

                15

                16

                17

                18

                19

            ID: 149555
            Carrionmasher
            +High Inquisitor Whitemane
                1

                2

                3

                4

                5

                6

                7

                8

                9

                10
                11

                12

                13

                14

                15

                16

                17

                18

                19

                20
                21

                22

                23

                24

                25

                26

                27

                28

                29

                30
                31

                32

                33

                34

                35

                36

                37

                38

                39

                40
                41

                42

                43

                44

                45

                46

                47

                48

                49

                50
                51

                52

            ID: 221633
            +Highlord Darion Mograine
                1

                2

                3

                4

                5

                6

                7

                8

                9

                10
                11

                12

                13

                14

                15

                16

                17

                18

                19

                20
                21

                22

                23

                24

                25

                26

                27

                28

                29

                30
                31

                32

                33

                34

                35

                36

                37

                38

                39

                40
                41

                42

                43

                44

                45

                46

            ID: 221632
            +King Thoras Trollbane
                1

                2

                3

                4

                5

                6

                7

                8

                9

                10
                11

                12

                13

                14

                15

                16

                17

                18

                19

                20
                21

                22

                23

                24

                25

                26

                27

                28

                29

                30
                31

                32

                33

                34

                35

                36

                37

                38

                39

                40
                41

                42

                43

                44

            ID: 221635
            +Lesser Ghoul
                1

                2

                3

                4

                5

                6

                7

                8

                9

                10
                11

                12

                13

                14

                15

                16

                17

                18

                19

                20
                21

                22

                23

                24

                25

                26

                27

                28

                29

                30
                31

                32

                33

                34

                35

                36

                37

                38

                39

                40
                41

                42

                43

                44

                45

                46

                47

                48

                49

                50
                51

                52

                53

                54

                55

                56

                57

                58

                59

                60
                61

                62

                63

                64

                65

                66

                67

                68

                69

                70
                71

                72

                73

                74

                75

                76

                77

                78

                79

                80
                81

                82

                83

                84

                85

                86

                87

                88

                89

                90
                91

                92

                93

                94

                95

                96

                97

                98

                99

                100
                101

                102

                103

                104

                105

                106

                107

                108

                109

                110
                111

                112

                113

                114

                115

                116

                117

                118

                119

                120
                121

                122

                123

                124

                125

                126

                127

                128

                129

                130
                131

                132

                133

                134

                135

                136

                137

                138

                139

                140
                141

                142

                143

                144

                145

                146

                147

                148

                149

                150
                151

                152

                153

                154

                155

                156

                157

                158

                159

                160
                161

                162

                163

                164

                165

                166

                167

                168

                169

                170
                171

                172

                173

                174

                175

                176

                177

                178

                179

                180
                181

                182

                183

                184

                185

                186

                187

                188

                189

                190
                191

                192

                193

                194

                195

                196

                197

                198

                199

                200
                201

                202

                203

                204

                205

                206

                207

                208

                209

                210
                211

                212

                213

                214

                215

                216

                217

                218

                219

                220
                221

                222

                223

                224

                225

                226

                227

                228

                229

                230
                231

                232

                233

                234

                235

                236

                237

                238

                239

                240
                241

                242

                243

                244

                245

                246

                247

                248

                249

                250
                251

                252

                253

                254

                255

                256

                257

                258

                259

                260
                261

                262

                263

                264

                265

                266

                267

                268

                269

                270
                271

                272

                273

                274

                275

                276

                277

                278

                279

                280
                281

                282

                283

                284

                285

                286

                287

                288

                289

                290
                291

                292

                293

                294

                295

                296

                297

                298

                299

                300
                301

                302

                303

                304

                305

                306

                307

                308

                309

                310
                311

                312

                313

                314

                315

                316

                317

                318

                319

                320
                321

                322

                323

                324

                325

                326

                327

                328

                329

                330
                331

                332

                333

                334

                335

                336

                337

                338

                339

                340
                341

                342

                343

                344

                345

                346

                347

                348

                349

                350
                351

                352

                353

                354

                355

                356

                357

                358

            ID: 258578
            +Lesser Ghoul
                1

                2

                3

                4

                5

                6

                7

                8

                9

                10
                11

                12

                13

                14

                15

                16

                17

                18

                19

                20
                21

                22

                23

                24

                25

                26

                27

                28

                29

                30
                31

                32

                33

                34

                35

                36

                37

                38

                39

                40
                41

                42

                43

                44

                45

                46

                47

                48

                49

                50
                51

                52

                53

                54

                55

                56

                57

                58

                59

                60
                61

                62

                63

                64

                65

                66

                67

                68

                69

                70
                71

                72

                73

                74

                75

                76

                77

                78

                79

                80
                81

                82

                83

                84

                85

                86

                87

                88

                89

                90
                91

                92

                93

                94

                95

                96

                97

                98

                99

                100
                101

                102

                103

                104

                105

                106

                107

                108

                109

                110
                111

                112

                113

                114

                115

                116

                117

                118

                119

                120
                121

                122

                123

                124

                125

                126

                127

                128

                129

                130
                131

                132

                133

                134

                135

                136

                137

                138

                139

                140
                141

                142

                143

                144

                145

                146

                147

                148

                149

                150
                151

                152

                153

                154

                155

                156

                157

                158

                159

                160
                161

                162

                163

                164

                165

                166

                167

                168

                169

                170
                171

                172

                173

                174

                175

                176

                177

                178

                179

                180
                181

                182

                183

                184

                185

                186

                187

                188

                189

                190
                191

                192

                193

                194

                195

                196

                197

                198

                199

                200
                201

                202

                203

                204

                205

                206

                207

                208

                209

                210
                211

                212

                213

                214

                215

                216

                217

                218

                219

                220
                221

                222

                223

                224

                225

                226

                227

                228

                229

                230
                231

                232

                233

                234

                235

                236

                237

                238

                239

                240
                241

                242

                243

                244

                245

                246

                247

                248

                249

                250
                251

                252

                253

                254

                255

                256

                257

                258

                259

                260
                261

                262

                263

                264

                265

                266

                267

                268

                269

                270
                271

                272

                273

                274

                275

                276

                277

                278

                279

                280
                281

                282

                283

                284

                285

                286

                287

                288

                289

                290
                291

                292

                293

                294

                295

                296

                297

                298

                299

                300
                301

                302

                303

                304

                305

                306

                307

                308

                309

                310
                311

                312

                313

                314

                315

                316

                317

                318

                319

                320
                321

                322

                323

                324

                325

                326

                327

                328

                329

                330
                331

                332

                333

                334

                335

                336

                337

                338

                339

                340
                341

                342

                343

                344

                345

                346

                347

                348

                349

                350
                351

                352

                353

                354

                355

                356

                357

                358

                359

                360
                361

                362

                363

                364

                365

                366

                367

                368

                369

                370
                371

                372

                373

                374

                375

                376

                377

                378

                379

                380
                381

                382

                383

                384

                385

                386

                387

                388

                389

                390
                391

                392

                393

                394

                395

                396

                397

                398

                399

                400
                401

                402

                403

                404

                405

                406

                407

                408

                409

                410
                411

                412

                413

                414

                415

                416

                417

                418

                419

                420
                421

                422

                423

                424

                425

                426

                427

                428

                429

                430
                431

                432

                433

                434

                435

                436

                437

                438

                439

                440
                441

                442

                443

                444

                445

                446

                447

                448

                449

                450
                451

                452

                453

                454

                455

                456

                457

                458

                459

                460
                461

                462

                463

                464

                465

                466

                467

                468

                469

                470
                471

                472

                473

                474

                475

                476

                477

                478

                479

                480
                481

                482

                483

                484

                485

                486

                487

                488

                489

                490
                491

                492

                493

                494

                495

                496

                497

                498

                499

                500
                501

                502

                503

                504

                505

                506

                507

                508

                509

                510
                511

                512

                513

                514

                515

                516

                517

                518

                519

                520
                521

                522

                523

                524

                525

                526

                527

                528

                529

                530
                531

                532

                533

                534

                535

                536

                537

                538

                539

                540
                541

                542

                543

                544

                545

                546

                547

                548

                549

                550
                551

                552

                553

                554

                555

                556

                557

                558

                559

                560
                561

                562

                563

                564

                565

                566

                567

                568

                569

                570
                571

                572

                573

                574

                575

                576

                577

                578

                579

                580
                581

                582

                583

                584

                585

                586

                587

                588

                589

                590
                591

                592

                593

                594

                595

                596

                597

                598

                599

                600
                601

                602

                603

                604

                605

                606

                607

                608

                609

                610
                611

                612

                613

                614

                615

                616

                617

                618

                619

                620
                621

                622

                623

                624

                625

                626

                627

                628

                629

                630
                631

                632

                633

                634

                635

                636

                637

                638

                639

                640
                641

                642

                643

                644

                645

                646

                647

                648

                649

                650
                651

                652

                653

                654

                655

                656

                657

                658

                659

                660
                661

                662

                663

                664

                665

                666

                667

                668

                669

                670
                671

                672

                673

                674

                675

                676

                677

                678

                679

                680
                681

                682

                683

                684

                685

                686

                687

                688

                689

                690
                691

                692

                693

                694

                695

                696

                697

                698

                699

                700
                701

                702

                703

                704

                705

                706

                707

                708

                709

                710
                711

                712

                713

                714

                715

                716

                717

                718

                719

                720
                721

                722

                723

                724

                725

                726

                727

                728

                729

                730
                731

                732

                733

                734

                735

                736

                737

                738

                739

                740
                741

                742

                743

                744

                745

                746

                747

                748

                749

                750
                751

                752

                753

                754

                755

                756

                757

                758

                759

                760
                761

                762

                763

                764

                765

                766

                767

                768

                769

                770
                771

                772

                773

                774

                775

                776

                777

                778

                779

                780
                781

                782

                783

                784

                785

                786

                787

                788

                789

                790
                791

                792

                793

                794

                795

                796

                797

                798

                799

                800
                801

                802

                803

                804

                805

                806

                807

                808

                809

                810
                811

                812

                813

                814

                815

                816

                817

                818

                819

                820
                821

                822

                823

                824

                825

                826

                827

                828

                829

                830
                831

                832

                833

                834

                835

                836

                837

                838

                839

                840
                841

                842

                843

                844

                845

                846

                847

                848

                849

                850
                851

                852

                853

                854

                855

                856

                857

                858

                859

                860
                861

                862

                863

                864

                865

                866

                867

                868

                869

                870
                871

                872

                873

                874

                875

                876

                877

                878

                879

                880
                881

                882

                883

                884

                885

                886

                887

                888

                889

                890
                891

                892

                893

                894

                895

                896

                897

                898

                899

                900
                901

                902

                903

                904

                905

                906

                907

                908

                909

                910
                911

                912

                913

                914

                915

                916

                917

                918

                919

                920
                921

                922

                923

                924

                925

                926

                927

                928

                929

                930
                931

                932

                933

                934

                935

                936

                937

                938

                939

                940
                941

                942

                943

                944

                945

                946

                947

                948

                949

                950
                951

                952

                953

                954

                955

                956

                957

                958

                959

                960
                961

                962

                963

                964

                965

                966

                967

                968

                969

                970
                971

                972

                973

                974

                975

                976

                977

                978

                979

                980
                981

                982

                983

                984

                985

                986

                987

                988

                989

                990
                991

                992

                993

                994

                995

                996

                997

                998

                999

                1000
                1001

                1002

                1003

                1004

                1005

                1006

                1007

                1008

                1009

                1010
                1011

                1012

                1013

                1014

                1015

                1016

                1017

                1018

                1019

                1020
                1021

                1022

                1023

                1024

                1025

                1026

                1027

                1028

                1029

                1030
                1031

                1032

                1033

                1034

                1035

                1036

                1037

                1038

            ID: 237409
            +Magus of the Dead
                1

                2

                3

                4

                5

                6

                7

                8

                9

                10
                11

                12

                13

                14

                15

                16

                17

                18

                19

                20
                21

                22

                23

                24

                25

                26

                27

                28

                29

                30
                31

                32

                33

                34

                35

                36

                37

                38

                39

                40
                41

                42

                43

                44

                45

                46

                47

                48

                49

                50
                51

                52

                53

                54

                55

                56

                57

                58

                59

                60
                61

                62

                63

                64

                65

                66

                67

                68

                69

                70
                71

                72

                73

                74

                75

                76

                77

                78

                79

                80
                81

                82

                83

                84

                85

                86

                87

                88

                89

                90
                91

                92

                93

                94

                95

                96

                97

                98

                99

                100
                101

                102

                103

                104

                105

                106

                107

                108

                109

                110
                111

                112

                113

                114

                115

                116

                117

                118

                119

                120
                121

                122

                123

                124

                125

                126

                127

                128

                129

                130
                131

                132

                133

                134

                135

                136

                137

                138

                139

                140
                141

                142

                143

                144

                145

                146

                147

                148

                149

                150
                151

                152

                153

                154

                155

                156

                157

                158

                159

                160
                161

                162

                163

                164

                165

                166

                167

                168

                169

                170
                171

                172

                173

                174

                175

                176

                177

                178

                179

                180
                181

                182

                183

                184

                185

                186

                187

                188

                189

                190
                191

                192

                193

                194

                195

                196

                197

                198

                199

                200
                201

                202

                203

                204

                205

                206

                207

                208

                209

                210
                211

                212

                213

                214

                215

                216

                217

                218

                219

                220
                221

                222

                223

                224

                225

                226

                227

                228

                229

                230
                231

                232

                233

                234

                235

                236

                237

                238

                239

                240
                241

                242

                243

                244

                245

                246

                247

                248

                249

                250
                251

                252

                253

                254

                255

                256

                257

                258

                259

                260
                261

                262

                263

                264

                265

                266

                267

                268

                269

                270
                271

                272

                273

                274

                275

                276

                277

                278

                279

                280
                281

                282

                283

                284

                285

                286

                287

                288

                289

                290
                291

                292

                293

                294

                295

                296

                297

                298

                299

                300
                301

                302

                303

                304

                305

                306

                307

                308

                309

                310
                311

                312

                313

                314

                315

                316

                317

                318

                319

                320
                321

                322

                323

                324

                325

                326

                327

                328

                329

                330
                331

                332

                333

                334

                335

                336

                337

                338

                339

                340
                341

                342

                343

                344

                345

                346

                347

                348

                349

                350
                351

                352

                353

                354

                355

                356

                357

                358

                359

                360
                361

                362

                363

                364

                365

                366

                367

                368

                369

                370
                371

                372

                373

                374

                375

                376

                377

                378

                379

                380
                381

                382

                383

                384

                385

                386

                387

                388

                389

                390
                391

                392

                393

                394

                395

                396

                397

                398

                399

                400
                401

                402

                403

                404

                405

                406

                407

                408

                409

                410
                411

                412

                413

            ID: 163366
            +Nazgrim
                1

                2

                3

                4

                5

                6

                7

                8

                9

                10
                11

                12

                13

                14

                15

                16

                17

                18

                19

                20
                21

                22

                23

                24

                25

                26

                27

                28

                29

                30
                31

                32

                33

                34

                35

                36

                37

                38

                39

                40
                41

                42

                43

                44

            ID: 221634
        +Zxro
            +Dread Shade
                1

                2

                3

                4

                5

                6

                7

                8

                9

                10
                11

                12

                13

                14

                15

                16

                17

                18

                19

                20
                21

                22

                23

                24

                25

                26

                27

                28

                29

                30
                31

                32

                33

                34

                35

                36

                37

                38

                39

                40
                41

            ID: 251422
        +Powerpegging
            +Dracthyr Commando
                1

                2

                3

                4

                5

                6

                7

                8

                9

                10
                11

                12

                13

                14

                15

                16

                17

                18

                19

                20
                21

                22

                23

                24

                25

                26

                27

                28

                29

                30
                31

                32

                33

                34

                35

                36

                37

                38

                39

                40
                41

                42

                43

                44

                45

                46

                47

                48

                49

                50
                51

                52

            ID: 219827
            +Future Self
                1

                2

                3

                4

                5

                6

                7

                8

                9

                10
                11

                12

                13

                14

                15

                16

                17

                18

                19

                20
                21

                22

                23

                24

                25

                26

                27

            ID: 253466
        Yurnéro
        +Meahea
            +Capacitor Totem
                1

                2

                3

                4

                5

                6

                7

                8

                9

            ID: 61245
            Earthbind Totem

            ID: 2630
            +Healing Stream Totem
                1

                2

                3

                4

                5

                6

                7

                8

                9

                10
                11

                12

                13

                14

                15

                16

                17

                18

                19

                20
                21

                22

                23

                24

                25

                26

                27

                28

                29

                30
                31

                32

                33

                34

                35

                36

                37

                38

                39

                40
                41

                42

                43

                44

                45

                46

                47

                48

                49

                50
                51

                52

                53

                54

                55

                56

            ID: 3527
            +Healing Tide Totem
                1

                2

                3

                4

                5

                6

                7

            ID: 59764
            +Spirit Link Totem
                1

                2

                3

                4

                5

            ID: 53006
            +Stormstream Totem
                1

                2

                3

                4

                5

                6

                7

                8

                9

                10
                11

                12

                13

                14

                15

                16

                17

                18

                19

                20
                21

                22

                23

                24

                25

                26

                27

                28

                29

                30
                31

                32

                33

                34

            ID: 256196
            +Surging Totem
                1

                2

                3

                4

                5

                6

                7

                8

                9

                10
                11

                12

                13

                14

                15

                16

                17

                18

                19

                20
                21

                22

                23

                24

                25

                26

                27

                28

                29

                30
                31

                32

                33

                34

                35

                36

                37

                38

                39

                40
                41

                42

                43

                44

                45

                46

                47

                48

                49

                50
                51

                52

                53

                54

                55

                56

                57

                58

                59

                60
                61

                62

                63

            ID: 225409
            +Wind Rush Totem
                1

                2

                3

                4

                5

                6

                7

            ID: 97285





Friendlies Enemies
Summary
Damage Done
Damage Taken
Healing
Threat
Buffs
Debuffs
Deaths
Interrupts
Dispels
Resources
Casts

    +Ignore Events After Player Deaths
        Ignore Events After Player Deaths
        Ignore Events After A Called Wipe

Filter Expression:

    +
        Heroism
        Downtime
        Player Deaths
        Player Resurrections
        Boss Deaths
        NPC Deaths
        Show All Entries
        Hide All Entries

ZoomPer Second AmountDamage DoneDamage TakenHealing Done00:0010:0020:0005:0015:0025:000k500k1,000k1,500k2,000k
Group Composition Item Level: 288.40
Tanks:	Zxro
DPS:	Wzdkx Powerpegging Yurnéro
Healers:	Meahea
Damage Done By Source
Name

Amount

DPS

Wzdkx
30.55%
427.87m 	237,980.5
Yurnéro
26.06%
365.03m 	203,028.6
Powerpegging
24.02%
336.50m 	187,161.3
Zxro
15.58%
218.16m 	121,341.0
Meahea
3.79%
53.12m 	29,542.5
Healing Done By Source
Name

Amount

HPS

Zxro
44.04%
169.41m 	94,226.8
Meahea
43.04%
165.57m 	92,087.1
Powerpegging
4.78%
18.38m 	10,221.1
Yurnéro
4.38%
16.87m 	9,381.1
Wzdkx
3.75%
14.43m 	8,026.9
Damage Taken By Ability
Name

Amount

DTPS

Melee
31.55%
121.17m 	67,392.3
Siphoning Chill
12.13%
46.60m 	25,919.4
Festering Pulse
6.80%
26.12m 	14,529.2
Dread Pulse
6.41%
24.60m 	13,684.3
Tormenting Blade
3.45%
13.24m 	7,366.1
Shade Shift
3.19%
12.25m 	6,813.2
Leaping Maul
3.04%
11.69m 	6,499.4
Permeating Cold
2.41%
9.25m 	5,142.5
Bone Infusion
2.23%
8.56m 	4,759.3
Focused Guard
2.13%
8.16m 	4,540.3
Plague Expulsion
1.89%
7.27m 	4,045.7
Frostbite
1.83%
7.03m 	3,908.2
Shadow Lance
1.74%
6.66m 	3,706.3
Cryostomp
1.68%
6.46m 	3,594.5
Curse of Torment
1.62%
6.21m 	3,452.8
Shadowbind
1.49%
5.71m 	3,173.7
Charging Slash
1.44%
5.51m 	3,067.1
Frostbane Slash
1.42%
5.45m 	3,028.7
Frostbane Slash
1.31%
5.03m 	2,800.1
Torrent of Misery
1.26%
4.85m 	2,698.4
Melee
1.25%
4.81m 	2,677.1
Cryoburst
1.16%
4.45m 	2,477.0
Rime Blast
0.95%
3.67m 	2,039.8
Sunderstrike
0.86%
3.32m 	1,846.2
Frost Spit
0.79%
3.05m 	1,693.9
Icy Strikes
0.66%
2.54m 	1,412.3
Melee
0.62%
2.38m 	1,322.4
Blight
0.61%
2.36m 	1,311.8
Orebreaker
0.51%
1.94m 	1,079.9
Shadow Bolt
0.42%
1.63m 	905.1
Scourgelord's Brand
0.40%
1.54m 	859.1
Ice Bolt
0.35%
1.35m 	752.2
Blight Smash
0.34%
1.32m 	734.2
Blight Splatter
0.29%
1.11m 	616.2
Plungegrip
0.26%
1.01m 	564.3
Stretch Time
0.26%
985.9k 	548.4
Death's Grasp
0.25%
968.7k 	538.8
Dark Rupture
0.20%
768.8k 	427.6
Blessing of Sacrifice
0.19%
720.4k 	400.7
Cryopatch
0.16%
630.8k 	350.8
Ice Chunk
0.16%
628.3k 	349.4
Death Bolt
0.14%
530.5k 	295.1
Plague Globs
0.11%
408.2k 	227.0
Falling
0.02%
88.3k 	49.1
Deaths
Name

Killing Blow

Time

Yurnéro 	Melee 	3:24
Meahea 	Dark Rupture 	9:04
Characters
Tanks

Class Talents

Spec Talents

Gear

Combat Potions

Healthstones & Potions
Zxro
Druid (Guardian)
287 Item Level
Rake
Frenzied Regeneration
Ursoc's Spirit
Grievous Wounds
Swipe
Remove Corruption
Verdant Heart
Nurturing Instinct 2
Killer Instinct 2
Ironfur
Improved Barkskin
Natural Recovery
Thick Hide
Skull Bash
Wild Charge
Soothe
Aessina's Renewal
Typhoon
Stampeding Roar
Well-Honed Instincts
Feline Swiftness
Matted Fur 2
Ursol's Vortex
Lycara's Teachings 2
Gift of the Wild
Oakskin
Lore of the Grove
Improved Stampeding Roar
Incapacitating Roar
Forestwalk 2
Symbiotic Relationship
Circle of the Wild

Maul
Gore
Survival Instincts
Persistence
Dream Guide
Vulnerable Flesh
Berserk
Innate Resolve
After the Wildfire
Survival of the Fittest 2
Scintillating Moonlight 2
Reinvigoration 1
Ursol's Warding
Natural Resilience
Reinforced Fur
Gift of an Ancient Guardian
Ursoc's Endurance
Rend and Tear
Lunar Beam
Fury of Nature 2
Blood Frenzy
Twin Moonfire
Flashing Claws 2
Ursoc's Fury
Elune's Favored
Incarnation: Guardian of Ursoc
Ursoc's Guidance
Galactic Guardian
Sundering Roar
Waking Nightmare
		5 	1
DPS

Class Talents

Spec Talents

Gear

Combat Potions

Healthstones & Potions
Wzdkx
Death Knight (Unholy)
289 Item Level
Death Strike
Icebound Fortitude
Raise Dead
Runic Attenuation
Improved Death Strike
Cleaving Strikes
Blinding Sleet
Gloom Ward 2
Unholy Momentum 2
Mind Freeze
Wraith Walk
Enfeeble
Brittle
Permafrost
Veteran of the Third War
Coldthirst
Anti-Magic Zone
Unholy Bond
Icy Talons
Anti-Magic Barrier
Assimilation
Death's Reach
Unholy Endurance
Blood Scent
Suppression
Insidious Chill
Blood Draw
Will of the Necropolis 2
Rune Mastery 2
Death's Echo
Null Magic

Outbreak
Scourge Strike
Sudden Doom
Dark Transformation
Putrefy
Clawing Shadows
Foul Infections
Grave Mastery
Necromancer's Cunning
Magus of the Dead
Soul Reaper
Festering Scythe
Ebon Fever
Cycle of Death
Ghoulish Frenzy
Army of the Dead
Menacing Magus
Reaping
Raise Abomination
Harbinger of Doom
Unholy Devotion
Doomed Bidding
Blightburst
Putrid Echoes
Commander of the Dead 2
Unholy Aura 2
Outnumber
Reanimation
Forbidden Knowledge 1
Forbidden Knowledge 2
Forbidden Knowledge 1
		6 	1
Powerpegging
Evoker (Augmentation)
290 Item Level
Expunge
Obsidian Scales
Landslide
Natural Convergence
Verdant Embrace
Heavy Wingbeats
Obsidian Bulwark
Innate Magic 2
Cauterizing Flame
Inner Radiance
Clobbering Sweep
Attuned to the Dream 2
Sleep Walk
Instinctive Arcana 2
Tip the Scales
Draconic Legacy
Extended Flight 2
Inherent Resistance 2
Blast Furnace
Panacea
Renewing Blaze
Rescue
Stretch Time
Source of Magic
Foci of Life
Leaping Flames
Aerial Mastery
Potent Mana
Terror of the Skies
Zephyr
Spatial Paradox

Ebon Might
Eruption
Essence Burst
Ricocheting Pyroclast
Essence Attunement
Pupil of Alexstrasza
Quell
Upheaval
Defy Fate
Breath of Eons
Power Nexus
Volcanism
Ignition Rush
Chrono Ward
Bestow Weyrnstone
Draconic Attunements
Prescience
Tectonic Locus
Momentum Shift
Fate Mirror
Hoarded Power
Anachronism
Inferno's Blessing
Accretion
Time Skip
Imminent Destruction
Rumbling Earth
Plot the Future
Interwoven Threads
Mighty Inferno
Duplicate 1
Duplicate 2
Duplicate 1
		6 	1
Yurnéro
Paladin (Retribution)
288 Item Level
Lay on Hands
Auras of the Resolute
Hammer of Wrath
Blinding Light
Fist of Justice
Turn Evil
Divine Steed
Healing Hands
Guided Prayer
Greater Judgment
Cavalier
Blessing of Freedom
Shield of Vengeance
Rebuke
Obduracy 2
Sanctified Plates 2
Unbound Freedom
Divine Toll
Punishment
Consecrated Ground
Blessing of Sacrifice
Blessing of Protection
Quickened Invocation
Sacrifice of the Just
Holy Aegis
Unbreakable Spirit
Divine Purpose
Righteous Protection
Inspired Guard
Seal of Might 2
Vengeful Wrath 2
Lightbearer
Blessing of Dusk

Blade of Justice
Divine Storm
Expurgation
Avenging Wrath
Light of Justice
Art of War
Final Verdict
Holy Blade
Holy Flames
Tempest of the Lightbringer
Rush of Light
Sanctify
Improved Judgment
Blade of Vengeance
Zealot's Fervor 2
Highlord's Wrath
Blessed Champion
Burning Crusade
Crusading Strikes
Wake of Ashes
Divine Wrath 2
Blades of Light 2
Seething Flames
Execution Sentence
Empyrean Legacy
Burn to Ash
Crusade
Light Within 1
Light Within 2
Light Within 1
		6 	0
Healers

Class Talents

Spec Talents

Gear

Combat Potions

Healthstones & Potions
Meahea
Shaman (Restoration)
288 Item Level
Chain Lightning
Lava Burst
Chain Heal
Thunderous Paws
Earth Shield
Spirit Walk
Elemental Orbit
Nature's Guardian
Astral Shift
Brimming with Life 2
Healing Stream Totem
Planes Traveler
Wind Shear
Capacitor Totem
Elemental Resistance
Enhanced Imbues
Windveil
Spiritual Awakening
Improved Purify Spirit
Refreshing Waters
Wind Rush Totem
Jet Stream
Nature's Fury 2
Purge
Spiritwalker's Grace
Elemental Warding
Totemic Focus
Totemic Projection
Therazane's Resilience
Graceful Spirit
Nature's Swiftness
Instinctive Imbuements
Totemic Surge

Riptide
Healing Stream Totem
Healing Rain
Water Totem Mastery
Acid Rain
Healing Tide Totem
Living Stream
Resurgence
First Ascendant
Ancestral Vigor 2
White Water
Quickstream
Earthliving Weapon
Unleash Life
Torrent
Ancestral Reach
Deluge
Tidal Waves
Improved Earthliving Weapon
Earthen Accord
Spirit Link Totem
Echo of the Elements
Earthen Harmony
Ancestral Awakening 2
Spouting Spirits
Primal Tide Core
Coalescing Water
Deeply Rooted Elements
Stormstream Totem 1
Stormstream Totem 2
Stormstream Totem 1
		4 	1
Warcraft Logs Logo
HEY THERE.We all want Warcraft Logs to remain free.
We work hard to offer you the best possible experience.
Help us by disabling your Adblock or supporting us on Patreon.
Guild logo
Warcraft Logs
Contact Us
-
Privacy Policy
-
Video Terms of Service
-
Careers
twitter's Icon Logo
discord's Icon Logo
patreon's Icon Logo
Latest Article
Archon App: Cloud Video Released!
4 days ago
Resources
Forums
Subscribe
Help and Info
Brand
Our Websites
Archon
WoW Retail
WoW Classic
WoW SoD
WoW Classic Fresh
WoW Vanilla
Final Fantasy XIV
Elder Scrolls Online
SWTOR
Latest Raid
Statistics
Rankings
Progress
All Reports
Our Tools
Download App
WoWAnalyzer
Wipefest
Recruitment
© 2013-2026 Warcraft Logs
