

    Midnight
    Mists of Pandaria
    Classic Fresh
    Season of Discovery
    Vanilla

Warcraft Logs
Enter a player, guild, or realm
Enter a player, guild, or realm
Search
135
Download Archon App

    Deutsch
    English
    Español
    Français
    Italiano
    Português (Brasil)
    Русский
    한국어
    繁體中文
    简体中文

VS / DR / MQD
Created by BudoBoy07 on Thu May 28 2026

    Edit Report
    Delete Report
    Make Private
    View in Anonymous Mode

Settings
+

    VS / DR / MQD
    BudoBoy07 - (Public) - 1 hour ago
    Mythic+ Season 1
    BudoBoy07 - (Public) - 1 hour ago
    Sporefall
    BudoBoy07 - (Public) - 2 months ago
    Sporefall
    BudoBoy07 - (Public) - 2 months ago

BudoBoy07
Personal Logs
+
Maisara Caverns+
+21 [Tyrannical] [Fortified] [Xal'atath's Guile] 3 (14:55) 2:57 PM

    + Bosses and Trash
        Bosses and Trash
        Bosses
        Trash
        Muro'jin and Nekraxx
        Vordaza
        Rak'tul, Vessel of Souls
        Pull 1 (1:07) +0:11
        Dread Souleater
        Pull 2 (3:50) +1:23
        Hulking Juggernaut
        Pull 3 (1:45) +5:18
        Dread Souleater
        Pull 4 (0:59) +7:19
        Hex Guardian
        Pull 5 (3:50) +8:27
        Muro'jin and Nekraxx
        Pull 6 (1:22) +12:48
        Rokh'zal

Entire Dungeon

    + All Friendlies
        +Cricridk
            +Abomination
                1

                2

                3

                4

                5

                6

                7

                8

            ID: 149555
            Broieloeil
            +High Inquisitor Whitemane
                1

                2

                3

                4

                5

                6

                7

                8

                9

                10
                11

                12

                13

                14

                15

                16

                17

                18

                19

                20

            ID: 221633
            +Highlord Darion Mograine
                1

                2

                3

                4

                5

                6

                7

                8

                9

                10
                11

                12

                13

                14

                15

                16

                17

            ID: 221632
            +King Thoras Trollbane
                1

                2

                3

                4

                5

                6

                7

                8

                9

                10
                11

                12

                13

                14

                15

                16

                17

                18

                19

                20

            ID: 221635
            +Lesser Ghoul
                1

                2

                3

                4

                5

                6

                7

                8

                9

                10
                11

                12

                13

                14

                15

                16

                17

                18

                19

                20
                21

                22

                23

                24

                25

                26

                27

                28

                29

                30
                31

                32

                33

                34

                35

                36

                37

                38

                39

                40
                41

                42

                43

                44

                45

                46

                47

                48

                49

                50
                51

                52

                53

                54

                55

                56

                57

                58

                59

                60
                61

                62

                63

                64

                65

                66

                67

                68

                69

                70
                71

                72

                73

                74

                75

                76

                77

                78

                79

                80
                81

                82

                83

                84

                85

                86

                87

                88

                89

                90
                91

                92

                93

                94

                95

                96

                97

                98

                99

                100
                101

                102

                103

                104

                105

                106

                107

                108

                109

                110
                111

                112

                113

                114

                115

                116

                117

                118

                119

                120
                121

                122

                123

                124

                125

                126

                127

                128

                129

                130
                131

                132

                133

                134

                135

                136

                137

                138

                139

                140
                141

                142

                143

                144

                145

                146

                147

                148

                149

                150
                151

                152

                153

                154

                155

                156

                157

                158

                159

                160
                161

                162

                163

                164

                165

                166

                167

                168

                169

                170
                171

                172

                173

                174

                175

                176

                177

                178

                179

                180
                181

                182

                183

                184

                185

                186

                187

                188

                189

                190
                191

                192

                193

                194

                195

                196

                197

                198

                199

                200
                201

                202

                203

                204

                205

                206

                207

                208

                209

                210
                211

                212

                213

                214

                215

                216

                217

                218

                219

                220
                221

                222

                223

                224

                225

                226

                227

                228

                229

                230
                231

                232

                233

                234

                235

                236

                237

                238

                239

                240
                241

                242

                243

                244

                245

                246

                247

                248

                249

                250
                251

                252

                253

                254

                255

                256

                257

                258

                259

                260
                261

                262

                263

                264

                265

                266

                267

                268

                269

                270
                271

                272

                273

                274

                275

                276

                277

                278

                279

                280
                281

                282

                283

                284

                285

                286

                287

                288

                289

                290
                291

                292

                293

                294

                295

                296

                297

                298

                299

                300
                301

                302

                303

                304

                305

                306

                307

                308

                309

                310
                311

                312

                313

                314

                315

                316

                317

                318

                319

                320
                321

                322

                323

                324

                325

                326

                327

                328

                329

                330
                331

                332

                333

                334

                335

                336

                337

                338

                339

                340
                341

                342

                343

                344

                345

                346

                347

                348

                349

                350
                351

                352

                353

                354

                355

                356

                357

                358

                359

                360
                361

                362

                363

                364

                365

                366

                367

                368

                369

                370
                371

                372

                373

                374

                375

                376

                377

                378

                379

                380
                381

                382

                383

                384

                385

                386

                387

                388

                389

                390
                391

                392

                393

                394

                395

                396

                397

                398

                399

                400
                401

                402

                403

                404

                405

                406

                407

                408

                409

                410
                411

                412

                413

                414

                415

            ID: 237409
            +Lesser Ghoul
                1

                2

                3

                4

                5

                6

                7

                8

                9

                10
                11

                12

                13

                14

                15

                16

                17

                18

                19

                20
                21

                22

                23

                24

                25

                26

                27

                28

                29

                30
                31

                32

                33

                34

                35

                36

                37

                38

                39

                40
                41

                42

                43

                44

                45

                46

                47

                48

                49

                50
                51

                52

                53

                54

                55

                56

                57

                58

                59

                60
                61

                62

                63

                64

                65

                66

                67

                68

                69

                70
                71

                72

                73

                74

                75

                76

                77

                78

                79

                80
                81

                82

                83

                84

                85

                86

                87

                88

                89

                90
                91

                92

                93

                94

                95

                96

                97

                98

                99

                100
                101

                102

                103

                104

                105

                106

                107

                108

                109

                110
                111

                112

                113

                114

                115

                116

                117

                118

                119

                120
                121

                122

                123

                124

                125

                126

                127

                128

                129

                130
                131

                132

                133

                134

                135

                136

                137

                138

                139

                140
                141

                142

                143

                144

                145

                146

                147

            ID: 258578
            +Magus of the Dead
                1

                2

                3

                4

                5

                6

                7

                8

                9

                10
                11

                12

                13

                14

                15

                16

                17

                18

                19

                20
                21

                22

                23

                24

                25

                26

                27

                28

                29

                30
                31

                32

                33

                34

                35

                36

                37

                38

                39

                40
                41

                42

                43

                44

                45

                46

                47

                48

                49

                50
                51

                52

                53

                54

                55

                56

                57

                58

                59

                60
                61

                62

                63

                64

                65

                66

                67

                68

                69

                70
                71

                72

                73

                74

                75

                76

                77

                78

                79

                80
                81

                82

                83

                84

                85

                86

                87

                88

                89

                90
                91

                92

                93

                94

                95

                96

                97

                98

                99

                100
                101

                102

                103

                104

                105

                106

                107

                108

                109

                110
                111

                112

                113

                114

                115

                116

                117

                118

                119

                120
                121

                122

                123

                124

                125

                126

                127

                128

                129

                130
                131

                132

                133

                134

                135

                136

                137

                138

                139

                140
                141

                142

                143

                144

                145

                146

                147

                148

                149

                150
                151

                152

                153

                154

                155

                156

                157

                158

                159

                160
                161

                162

                163

                164

                165

                166

                167

                168

                169

                170
                171

            ID: 163366
            +Nazgrim
                1

                2

                3

                4

                5

                6

                7

                8

                9

                10
                11

                12

                13

                14

                15

                16

                17

                18

            ID: 221634
        +Powerpegging
            +Dracthyr Commando
                1

                2

                3

                4

                5

                6

                7

                8

                9

                10
                11

                12

                13

                14

                15

                16

                17

                18

                19

                20
                21

                22

                23

                24

            ID: 219827
            +Future Self
                1

                2

                3

                4

                5

                6

                7

                8

                9

                10
                11

                12

                13

            ID: 253466
        +Tuzzamonk
            +Niuzao
                1

                2

                3

                4

                5

                6

            ID: 73967
        +Dabble
            +Shadowfiend
                1

                2

                3

                4

                5

                6

                7

                8

                9

                10
                11

                12

                13

                14

                15

                16

                17

            ID: 19668
        +Søulz
            +Antoran Inquisitor
                1

                2

                3

                4

                5

                6

                7

                8

                9

                10
                11

                12

                13

                14

                15

                16

                17

                18

                19

            ID: 258242
            +Antoran Jailer
                1

                2

                3

                4

                5

                6

                7

                8

                9

                10
                11

                12

            ID: 255147
            +Charhound
                1

                2

                3

                4

                5

                6

                7

                8

                9

                10
                11

                12

                13

                14

                15

                16

                17

                18

                19

                20
                21

                22

                23

                24

                25

                26

                27

                28

                29

                30
                31

                32

                33

                34

                35

                36

                37

            ID: 226269
            +Demonic Tyrant
                1

                2

                3

                4

                5

                6

                7

                8

                9

                10
                11

            ID: 250289
            +Dreadstalker
                1

                2

                3

                4

                5

                6

                7

                8

                9

                10
                11

                12

                13

                14

                15

                16

                17

                18

                19

                20
                21

                22

                23

                24

                25

                26

                27

                28

                29

                30
                31

                32

                33

                34

                35

                36

                37

                38

                39

                40
                41

                42

                43

                44

                45

                46

                47

                48

                49

                50
                51

                52

                53

                54

                55

                56

                57

                58

                59

                60
                61

                62

                63

                64

                65

                66

                67

                68

                69

                70
                71

                72

                73

                74

            ID: 98035
            +Grand Warlock Alythess
                1

                2

                3

                4

                5

                6

                7

                8

            ID: 260077
            +Imp Lord
                1

                2

                3

                4

                5

                6

                7

            ID: 258584
            Krengozin
            +Lady Sacrolash
                1

                2

                3

                4

                5

                6

                7

                8

                9

            ID: 260076
            +Mother of Chaos
                1

                2

                3

                4

                5

                6

                7

                8

                9

                10
                11

                12

                13

                14

                15

                16

                17

                18

                19

            ID: 228576
            +Overlord
                1

                2

                3

                4

                5

                6

                7

                8

                9

                10
                11

                12

                13

                14

                15

                16

                17

                18

                19

                20
                21

            ID: 228575
            +Pit Lord
                1

                2

                3

                4

                5

                6

                7

                8

                9

                10
                11

                12

                13

                14

                15

                16

                17

                18

            ID: 228574
            +Wild Imp (Hand of Gul'dan)
                1

                2

                3

                4

                5

                6

                7

                8

                9

                10
                11

                12

                13

                14

                15

                16

                17

                18

                19

                20
                21

                22

                23

                24

                25

                26

                27

                28

                29

                30
                31

                32

                33

                34

                35

                36

                37

                38

                39

                40
                41

                42

                43

                44

                45

                46

                47

                48

                49

                50
                51

                52

                53

                54

                55

                56

                57

                58

                59

                60
                61

                62

                63

                64

                65

                66

                67

                68

                69

                70
                71

                72

                73

                74

                75

                76

                77

                78

                79

                80
                81

                82

                83

                84

                85

                86

                87

                88

                89

                90
                91

                92

                93

                94

                95

                96

                97

                98

                99

                100
                101

                102

                103

                104

                105

                106

                107

                108

                109

                110
                111

                112

                113

                114

                115

                116

                117

                118

                119

                120
                121

                122

                123

                124

                125

                126

                127

                128

                129

                130
                131

                132

                133

                134

                135

                136

                137

                138

                139

                140
                141

                142

                143

                144

                145

                146

                147

                148

                149

                150
                151

                152

                153

                154

                155

                156

                157

                158

                159

                160
                161

                162

                163

                164

                165

                166

                167

                168

                169

                170
                171

                172

                173

                174

                175

                176

                177

                178

                179

                180
                181

                182

                183

                184

                185

                186

                187

                188

                189

                190
                191

                192

                193

                194

                195

                196

                197

                198

                199

                200
                201

                202

                203

                204

                205

                206

                207

                208

                209

                210
                211

                212

                213

                214

                215

                216

                217

                218

                219

                220
                221

                222

                223

                224

                225

                226

                227

                228

                229

                230
                231

                232

                233

                234

                235

                236

                237

                238

                239

                240
                241

                242

                243

                244

                245

                246

                247

                248

                249

                250
                251

                252

                253

                254

                255

                256

                257

                258

                259

                260
                261

                262

                263

                264

                265

                266

                267

                268

                269

                270
                271

                272

                273

                274

                275

                276

                277

                278

                279

                280
                281

                282

                283

                284

                285

                286

                287

                288

                289

                290
                291

                292

                293

                294

                295

                296

                297

                298

                299

                300
                301

                302

                303

                304

                305

                306

                307

                308

                309

                310
                311

                312

                313

                314

                315

                316

                317

                318

                319

                320
                321

                322

                323

                324

                325

                326

                327

                328

                329

                330
                331

                332

                333

                334

                335

                336

                337

                338

                339

                340
                341

                342

                343

                344

                345

                346

                347

                348

                349

                350
                351

                352

                353

                354

                355

                356

                357

                358

                359

                360
                361

                362

                363

                364

                365

                366

                367

                368

                369

                370
                371

                372

                373

                374

                375

                376

                377

                378

                379

                380
                381

                382

                383

                384

                385

                386

                387

                388

                389

                390
                391

                392

                393

                394

                395

                396

                397

                398

                399

                400
                401

                402

                403

                404

                405

                406

                407

                408

                409

                410
                411

                412

                413

                414

                415

                416

                417

                418

                419

                420
                421

                422

                423

                424

                425

                426

                427

                428

                429

                430
                431

                432

                433

                434

                435

                436

                437

                438

                439

                440
                441

                442

                443

                444

                445

                446

                447

                448

                449

                450
                451

                452

                453

                454

                455

                456

                457

                458

                459

                460
                461

                462

                463

                464

                465

                466

                467

                468

                469

                470
                471

                472

                473

                474

                475

                476

                477

                478

                479

                480
                481

                482

                483

                484

                485

                486

                487

                488

                489

                490
                491

                492

                493

                494

                495

                496

                497

                498

                499

                500
                501

                502

                503

                504

                505

                506

                507

                508

                509

                510
                511

                512

                513

                514

                515

                516

                517

                518

                519

                520
                521

                522

                523

                524

                525

                526

                527

                528

                529

                530
                531

                532

                533

                534

                535

                536

                537

                538

                539

                540
                541

                542

                543

                544

                545

                546

                547

                548

                549

                550
                551

                552

                553

                554

                555

                556

                557

                558

                559

                560
                561

                562

                563

                564

            ID: 55659
            +Wild Imp (Inner Demons/To Hell and Back)
                1

                2

                3

                4

                5

                6

                7

                8

                9

                10
                11

                12

                13

                14

                15

                16

                17

                18

                19

                20
                21

                22

                23

                24

                25

                26

                27

                28

                29

                30
                31

                32

                33

                34

                35

                36

                37

                38

                39

                40
                41

                42

                43

                44

                45

                46

                47

                48

                49

                50
                51

                52

                53

                54

                55

                56

                57

                58

                59

                60
                61

                62

                63

                64

                65

                66

                67

                68

                69

                70
                71

                72

                73

                74

                75

                76

                77

                78

                79

                80
                81

                82

                83

                84

                85

                86

                87

                88

                89

                90
                91

                92

                93

                94

                95

                96

                97

                98

                99

                100
                101

                102

                103

                104

                105

                106

                107

                108

                109

                110
                111

                112

                113

                114

                115

                116

                117

                118

                119

                120
                121

                122

                123

                124

                125

                126

                127

                128

                129

                130
                131

                132

                133

                134

                135

                136

                137

                138

                139

                140
                141

                142

                143

                144

                145

                146

                147

                148

                149

                150
                151

                152

                153

                154

                155

                156

                157

                158

                159

                160
                161

                162

                163

                164

                165

            ID: 143622





Friendlies Enemies
Summary
Damage Done
Damage Taken
Healing
Threat
Buffs
Debuffs
Deaths
Interrupts
Dispels
Resources
Casts

    +Ignore Events After Player Deaths
        Ignore Events After Player Deaths
        Ignore Events After A Called Wipe

Filter Expression:

    +
        Heroism
        Downtime
        Player Deaths
        Player Resurrections
        Boss Deaths
        NPC Deaths
        Show All Entries
        Hide All Entries

ZoomPer Second AmountDamage DoneDamage TakenHealing Done00:0002:0004:0006:0008:0010:0012:0014:000M1M2M3M4M
13:07
Healing Done: 250,399.9
Group Composition Item Level: 272.17
Tanks:	Tuzzamonk
DPS:	Cricridk Powerpegging Søulz
Healers:	Dabble
Damage Done By Source
Name

Amount

DPS

Cricridk
30.19%
237.12m 	264,788.9
Søulz
28.24%
221.79m 	247,664.7
Powerpegging
25.05%
196.75m 	219,709.1
Tuzzamonk
14.70%
115.48m 	128,952.9
Dabble
1.83%
14.34m 	16,011.8
Healing Done By Source
Name

Amount

HPS

Tuzzamonk
46.81%
92.05m 	102,793.0
Dabble
43.30%
85.14m 	95,076.4
Powerpegging
3.79%
7.45m 	8,315.7
Cricridk
3.09%
6.07m 	6,783.0
Søulz
3.02%
5.94m 	6,629.5
Damage Taken By Ability
Name

Amount

DTPS

Stagger
30.92%
58.15m 	64,933.7
Melee
28.95%
54.46m 	60,812.0
Searing Presence
9.79%
18.41m 	20,560.2
Spirit Rend
3.82%
7.19m 	8,030.1
Infected Pinions
2.93%
5.52m 	6,159.7
Barrage
2.78%
5.24m 	5,848.2
Necrotic Wave
2.42%
4.54m 	5,072.5
Sear
2.29%
4.30m 	4,800.9
Deafening Roar
1.96%
3.69m 	4,120.7
Spectral Strikes
1.74%
3.27m 	3,653.2
Throw Spear
1.54%
2.89m 	3,228.3
Open Wound
1.52%
2.86m 	3,197.2
Crunch Armor
0.96%
1.80m 	2,009.4
Dread Slash
0.87%
1.63m 	1,819.7
Flanking Spear
0.75%
1.42m 	1,583.1
Shrink
0.72%
1.36m 	1,519.5
Magma Surge
0.63%
1.18m 	1,319.6
Coordinated Assault
0.56%
1.05m 	1,171.4
Grim Ward
0.47%
876.9k 	979.2
Burning Rush
0.36%
685.1k 	765.0
Diseased Claws
0.36%
682.4k 	762.0
Ritual Sacrifice
0.36%
680.3k 	759.7
Shredding Talons
0.31%
583.5k 	651.5
Shadow Word: Death
0.30%
571.8k 	638.5
Falling
0.30%
566.5k 	632.6
Vile Potatoad
0.30%
561.7k 	627.2
Carrion Swoop
0.27%
513.8k 	573.8
Stretch Time
0.26%
487.1k 	543.9
Shadow Mend
0.25%
470.5k 	525.4
Icy Slick
0.22%
421.5k 	470.7
Umbral Vortex
0.21%
389.2k 	434.7
Ancestral Crush
0.20%
367.2k 	410.1
Shadow Bolt
0.19%
355.4k 	396.9
Fel Armor
0.16%
293.2k 	327.4
Rending Gore
0.12%
217.6k 	243.0
Staggering Blow
0.11%
210.0k 	234.5
Soulstorms
0.10%
196.1k 	218.9
Deaths
Name

Killing Blow

Time

Dabble 	Dread Slash 	13:13
Søulz 	Spirit Rend 	13:34
Dabble 	Spirit Rend 	13:58
Tuzzamonk 	Melee 	14:08
Cricridk 	Melee 	14:08
Powerpegging 	Umbral Vortex 	14:10
Søulz 	Spirit Rend 	14:11
Characters
Tanks

Class Talents

Spec Talents

Gear

Combat Potions

Healthstones & Potions
Tuzzamonk
Monk (Brewmaster)
289 Item Level
Stagger
Paralysis
Tiger's Lust
Fast Feet
Detox
Grace of the Crane
Calming Presence
Vivacious Vivification
Spear Hand Strike
Jade Walk
Ancient Arts 2
Transcendence
Celerity
Chi Burst
Ring of Peace
Improved Touch of Death
Hasty Provocation
Ferocity of Xuen 2
Tiger Tail Sweep
Vigorous Expulsion
Yu'lon's Grace
Fortifying Brew
Dance of the Wind
Save Them All
Expeditious Fortification
Chi Proficiency 2
Chi Transfer
Martial Instincts 2
Lighter Than Air
Flow of Chi
Transcendence: Linked Spirits
Fatal Touch

Keg Smash
Purifying Brew
Shuffle
Improved Blackout Kick
Elixir of Determination
Quick Sip
Gift of the Ox
Spirit of the Ox
Special Delivery
Shadowboxing Treads
Elusive Footwork
Celestial Infusion
Breath of Fire
Training of Niuzao
Gai Plin's Imperial Brew
Pretense of Instability
Zen State
Face Palm
Sal'salabim's Strength
Bob and Weave
Counterstrike
Anvil and Stave 2
Dragonfire Brew
High Tolerance 1
Blackout Combo
Invoke Niuzao, the Black Ox
Vital Flame
Stormstout's Last Keg
Heart of the Ox
Bring Me Another 1
Bring Me Another 2
Bring Me Another 1
		4 	3
DPS

Class Talents

Spec Talents

Gear

Combat Potions

Healthstones & Potions
Cricridk
Death Knight (Unholy)
290 Item Level
Death Strike
Icebound Fortitude
Raise Dead
Runic Attenuation
Improved Death Strike
Cleaving Strikes
Blinding Sleet
Gloom Ward 2
Unholy Momentum 2
March of Darkness
Mind Freeze
Enfeeble
Brittle
Permafrost
Veteran of the Third War
Coldthirst
Anti-Magic Zone
Unholy Bond
Icy Talons
Anti-Magic Barrier
Assimilation
Grip of the Dead
Death's Reach
Blood Scent
Suppression
Insidious Chill
Runic Protection
Will of the Necropolis 2
Rune Mastery 2
Death's Echo
Null Magic

Outbreak
Scourge Strike
Sudden Doom
Dark Transformation
Putrefy
Clawing Shadows
Foul Infections
Grave Mastery
Necromancer's Cunning
Magus of the Dead
Soul Reaper
Festering Scythe
Ebon Fever
Cycle of Death
Ghoulish Frenzy
Army of the Dead
Menacing Magus
Reaping
Raise Abomination
Harbinger of Doom
Unholy Devotion
Doomed Bidding
Blightburst
Putrid Echoes
Commander of the Dead 2
Unholy Aura 2
Outnumber
Reanimation
Forbidden Knowledge 1
Forbidden Knowledge 2
Forbidden Knowledge 1
		3 	0
Powerpegging
Evoker (Augmentation)
290 Item Level
Expunge
Obsidian Scales
Landslide
Natural Convergence
Verdant Embrace
Heavy Wingbeats
Obsidian Bulwark
Innate Magic 2
Cauterizing Flame
Inner Radiance
Clobbering Sweep
Attuned to the Dream 2
Sleep Walk
Instinctive Arcana 2
Tip the Scales
Draconic Legacy
Extended Flight 2
Inherent Resistance 2
Blast Furnace
Panacea
Renewing Blaze
Rescue
Stretch Time
Source of Magic
Foci of Life
Leaping Flames
Aerial Mastery
Potent Mana
Terror of the Skies
Zephyr
Spatial Paradox

Ebon Might
Eruption
Essence Burst
Ricocheting Pyroclast
Essence Attunement
Pupil of Alexstrasza
Quell
Upheaval
Defy Fate
Breath of Eons
Power Nexus
Volcanism
Bestow Weyrnstone
Ignition Rush
Chrono Ward
Draconic Attunements
Prescience
Tectonic Locus
Momentum Shift
Fate Mirror
Hoarded Power
Anachronism
Inferno's Blessing
Accretion
Time Skip
Imminent Destruction
Rumbling Earth
Plot the Future
Interwoven Threads
Mighty Inferno
Duplicate 1
Duplicate 2
Duplicate 1
		3 	4
Søulz
Warlock (Demonology)
290 Item Level
Fel Domination
Burning Rush
Soul Leech
Fiendish Stride
Fel Armor 2
Demon Skin 2
Demonic Fortitude
Demonic Embrace
Mortal Coil
Banish
Curse of Tongues
Demonic Circle
Improved Mortal Coil
Pact of the Annihilan
Pact of the Satyr
Gorefiend's Avarice
Dark Pact
Foul Mouth
Fortified Soul
Empowered Healthstone
Frequent Donor
Pact of the Eredar
Pact of the Nathrezim
Empowered Drain Life
Shadowfury
Demonic Gateway
Strength of Will
Oppressive Darkness
Soul Link 2
Pact of Gluttony
Soulburn
Blight of Tongues

Hand of Gul'dan
Call Dreadstalkers
Demoniac
Dreadlash
Fel Intellect
Implosion
Imp-erator
Summon Felguard
Carnivorous Stalkers 2
Rune of Shadows 2
Infernal Rapidity
Summon Demonic Tyrant
Demonic Brutality
Blighted Maw
Imp Gang Boss
Inner Demons
Flametouched
Antoran Armaments
Tyrant's Oblation
Demonic Calling 2
Master Summoner
Reign of Tyranny
Summon Vilefiend
Grimoire: Imp Lord
Hellbent Commander
Mark of F'harg
To Hell and Back
Dominion of Argus 1
Dominion of Argus 2
Dominion of Argus 1
		4 	2
Healers

Class Talents

Spec Talents

Gear

Combat Potions

Healthstones & Potions
Dabble
Priest (Discipline)
290 Item Level
Angelic Feather
Mind Blast
Improved Flash Heal
Dispel Magic
Spiritual Guidance
Psychic Scream
Power Infusion
Painful Invocation
Leap of Faith
Improved Purify
Strength of Resolve
Surge of Light
Twins of the Sun Priestess
Body and Soul
Twin Disciplines
Everlasting Light
Dark Enlightenment
Binding Heals
Inspiration
Shadow Word: Death
Sanguine Teachings
Twist of Fate 2
Desperate Prayer
Fade
Protective Light
Improved Fade 2
Mindpierce
Unwavering Will 2
Spell Warding 2
Angelic Bulwark
Translucent Image
Benevolence

Atonement
Pain Suppression
Power Word: Radiance
Power of the Dark Side
Encroaching Shadows
Protector of the Frail
Light's Promise
Revel in Darkness
Shield Discipline
Ultimate Penitence
Holy Ray
Lenience
Castigation
Pain and Suffering 2
Evangelism
Abyssal Reverie 2
Harsh Discipline 2
Shadow Mend
Shadowfiend
Archangel
Inner Focus
Borrowed Time 2
Divine Aegis
Inescapable Torment
Eternal Barrier
Weal and Woe
Master the Darkness 1
Master the Darkness 2
Master the Darkness 1
		2 	1
Warcraft Logs Logo
HEY THERE.We all want Warcraft Logs to remain free.
We work hard to offer you the best possible experience.
Help us by disabling your Adblock or supporting us on Patreon.
Guild logo
Warcraft Logs
Contact Us
-
Privacy Policy
-
Video Terms of Service
-
Careers
twitter's Icon Logo
discord's Icon Logo
patreon's Icon Logo
Latest Article
Archon App: Cloud Video Released!
4 days ago
Resources
Forums
Subscribe
Help and Info
Brand
Our Websites
Archon
WoW Retail
WoW Classic
WoW SoD
WoW Classic Fresh
WoW Vanilla
Final Fantasy XIV
Elder Scrolls Online
SWTOR
Latest Raid
Statistics
Rankings
Progress
All Reports
Our Tools
Download App
WoWAnalyzer
Wipefest
Recruitment
© 2013-2026 Warcraft Logs
