

    Midnight
    Mists of Pandaria
    Classic Fresh
    Season of Discovery
    Vanilla

Warcraft Logs
Enter a player, guild, or realm
Enter a player, guild, or realm
Search
132
Download Archon App

    Deutsch
    English
    Español
    Français
    Italiano
    Português (Brasil)
    Русский
    한국어
    繁體中文
    简体中文

Mythic+ Season 1
Created by BudoBoy07 on Mon May 25 2026

    Edit Report
    Delete Report
    Make Private
    View in Anonymous Mode

Settings
+

    VS / DR / MQD
    BudoBoy07 - (Public) - 1 hour ago
    Mythic+ Season 1
    BudoBoy07 - (Public) - 1 hour ago
    Sporefall
    BudoBoy07 - (Public) - 2 months ago
    Sporefall
    BudoBoy07 - (Public) - 2 months ago

BudoBoy07
Personal Logs
+
Algeth'ar Academy+
+21 [Fortified] [Tyrannical] [Xal'atath's Guile] (31:16) 6:02 PM

    + Bosses and Trash
        Bosses and Trash
        Bosses
        Trash
        Vexamus
        Overgrown Ancient
        Crawth
        Echo of Doragosa
        Pull 1 (1:48) +0:38
        Vile Lasher
        Pull 2 (3:19) +2:26
        Overgrown Ancient
        Pull 3 (0:00) +5:46
        Hungry Lasher
        Pull 4 (1:30) +6:00
        Guardian Sentry
        Pull 5 (1:24) +7:39
        Alpha Eagle
        Pull 6 (1:05) +9:07
        Alpha Eagle
        Pull 7 (3:54) +10:36
        Crawth
        Pull 8 (1:21) +14:54
        Vicious Ravager
        Pull 9 (2:00) +16:20
        Spellbound Battleaxe
        Pull 10 (3:42) +18:21
        Vexamus
        Pull 11 (1:27) +22:08
        Vicious Ravager
        Pull 12 (1:23) +24:09
        Algeth'ar Echoknight
        Pull 13 (4:53) +25:45
        Echo of Doragosa

Entire Dungeon

    + All Friendlies
        +Enjiexdk
            +Abomination
                1

                2

                3

                4

                5

                6

                7

                8

                9

                10
                11

                12

                13

                14

                15

                16

                17

            ID: 149555
            Dirtstalker
            +High Inquisitor Whitemane
                1

                2

                3

                4

                5

                6

                7

                8

                9

                10
                11

                12

                13

                14

                15

                16

                17

                18

                19

                20
                21

                22

                23

                24

                25

                26

                27

                28

                29

                30
                31

                32

                33

                34

                35

                36

                37

                38

                39

                40
                41

                42

                43

                44

                45

                46

                47

                48

                49

                50
                51

            ID: 221633
            +Highlord Darion Mograine
                1

                2

                3

                4

                5

                6

                7

                8

                9

                10
                11

                12

                13

                14

                15

                16

                17

                18

                19

                20
                21

                22

                23

                24

                25

                26

                27

                28

                29

                30
                31

                32

                33

                34

                35

                36

                37

                38

                39

                40
                41

                42

            ID: 221632
            +King Thoras Trollbane
                1

                2

                3

                4

                5

                6

                7

                8

                9

                10
                11

                12

                13

                14

                15

                16

                17

                18

                19

                20
                21

                22

                23

                24

                25

                26

                27

                28

                29

                30
                31

                32

                33

                34

                35

                36

                37

                38

                39

                40
                41

                42

                43

                44

            ID: 221635
            +Lesser Ghoul
                1

                2

                3

                4

                5

                6

                7

                8

                9

                10
                11

                12

                13

                14

                15

                16

                17

                18

                19

                20
                21

                22

                23

                24

                25

                26

                27

                28

                29

                30
                31

                32

                33

                34

                35

                36

                37

                38

                39

                40
                41

                42

                43

                44

                45

                46

                47

                48

                49

                50
                51

                52

                53

                54

                55

                56

                57

                58

                59

                60
                61

                62

                63

                64

                65

                66

                67

                68

                69

                70
                71

                72

                73

                74

                75

                76

                77

                78

                79

                80
                81

                82

                83

                84

                85

                86

                87

                88

                89

                90
                91

                92

                93

                94

                95

                96

                97

                98

                99

                100
                101

                102

                103

                104

                105

                106

                107

                108

                109

                110
                111

                112

                113

                114

                115

                116

                117

                118

                119

                120
                121

                122

                123

                124

                125

                126

                127

                128

                129

                130
                131

                132

                133

                134

                135

                136

                137

                138

                139

                140
                141

                142

                143

                144

                145

                146

                147

                148

                149

                150
                151

                152

                153

                154

                155

                156

                157

                158

                159

                160
                161

                162

                163

                164

                165

                166

                167

                168

                169

                170
                171

                172

                173

                174

                175

                176

                177

                178

                179

                180
                181

                182

                183

                184

                185

                186

                187

                188

                189

                190
                191

                192

                193

                194

                195

                196

                197

                198

                199

                200
                201

                202

                203

                204

                205

                206

                207

                208

                209

                210
                211

                212

                213

                214

                215

                216

                217

                218

                219

                220
                221

                222

                223

                224

                225

                226

                227

                228

                229

                230
                231

                232

                233

                234

                235

                236

                237

                238

                239

                240
                241

                242

                243

                244

                245

                246

                247

                248

                249

                250
                251

                252

                253

                254

                255

                256

                257

                258

                259

                260
                261

                262

                263

                264

                265

                266

                267

                268

                269

                270
                271

                272

                273

                274

                275

                276

                277

                278

                279

                280
                281

                282

                283

                284

                285

                286

                287

                288

                289

                290
                291

                292

                293

                294

                295

                296

                297

                298

                299

                300
                301

                302

                303

                304

                305

                306

                307

                308

                309

                310
                311

                312

                313

                314

                315

                316

                317

                318

                319

                320
                321

                322

                323

                324

                325

                326

                327

                328

                329

                330
                331

                332

                333

                334

                335

                336

                337

                338

                339

                340
                341

                342

                343

                344

                345

                346

                347

                348

                349

                350
                351

                352

                353

                354

                355

                356

                357

                358

                359

                360
                361

                362

                363

                364

                365

                366

                367

                368

                369

                370
                371

                372

                373

                374

                375

                376

                377

                378

                379

                380
                381

                382

                383

                384

                385

                386

                387

                388

                389

                390
                391

                392

                393

                394

                395

                396

                397

                398

                399

                400
                401

                402

                403

                404

                405

                406

                407

                408

                409

                410
                411

                412

                413

                414

                415

                416

                417

                418

                419

                420
                421

                422

                423

                424

                425

                426

                427

                428

                429

                430
                431

                432

                433

                434

                435

                436

                437

                438

                439

                440
                441

                442

                443

                444

                445

                446

                447

                448

                449

                450
                451

                452

                453

                454

                455

                456

                457

                458

                459

                460
                461

                462

                463

                464

                465

                466

                467

                468

                469

                470
                471

                472

                473

                474

                475

                476

                477

                478

                479

                480
                481

                482

                483

                484

                485

                486

                487

                488

                489

                490
                491

                492

                493

                494

                495

                496

                497

                498

                499

                500
                501

                502

                503

                504

                505

                506

                507

                508

                509

                510
                511

                512

                513

                514

                515

                516

                517

                518

                519

                520
                521

                522

                523

                524

                525

                526

                527

                528

                529

                530
                531

                532

                533

                534

                535

                536

                537

                538

                539

                540
                541

                542

                543

                544

                545

                546

                547

                548

                549

                550
                551

                552

                553

                554

                555

                556

                557

                558

                559

                560
                561

                562

                563

                564

                565

                566

                567

                568

                569

                570
                571

                572

                573

                574

                575

                576

                577

                578

                579

                580
                581

                582

                583

                584

                585

                586

                587

                588

                589

                590
                591

                592

                593

                594

                595

                596

                597

                598

                599

                600
                601

                602

                603

                604

                605

                606

                607

                608

                609

                610
                611

                612

                613

                614

                615

                616

                617

                618

                619

                620
                621

                622

                623

                624

                625

                626

                627

                628

                629

                630
                631

                632

                633

                634

                635

                636

                637

                638

                639

                640
                641

                642

                643

                644

                645

                646

                647

                648

                649

                650
                651

                652

                653

                654

                655

                656

                657

                658

                659

                660
                661

                662

                663

                664

                665

                666

                667

                668

                669

                670
                671

                672

                673

                674

                675

                676

                677

                678

                679

                680
                681

                682

                683

                684

                685

                686

                687

                688

                689

                690
                691

                692

                693

                694

                695

                696

                697

                698

                699

                700
                701

                702

                703

                704

                705

                706

                707

                708

                709

                710
                711

                712

                713

                714

                715

                716

                717

                718

                719

                720
                721

                722

                723

                724

                725

                726

                727

                728

                729

                730
                731

                732

                733

                734

                735

                736

                737

                738

                739

                740
                741

                742

                743

                744

                745

                746

                747

                748

                749

                750
                751

                752

                753

                754

                755

                756

                757

                758

                759

                760
                761

                762

                763

                764

                765

                766

                767

                768

                769

                770
                771

                772

                773

                774

                775

                776

                777

                778

                779

                780
                781

                782

                783

                784

                785

                786

                787

                788

                789

                790
                791

                792

                793

                794

                795

                796

                797

                798

                799

                800
                801

                802

                803

                804

                805

                806

                807

                808

                809

                810
                811

                812

                813

                814

                815

                816

                817

                818

                819

                820
                821

                822

                823

                824

                825

                826

                827

                828

                829

                830
                831

                832

                833

                834

                835

                836

                837

                838

                839

                840
                841

                842

                843

                844

                845

                846

                847

                848

                849

                850
                851

                852

                853

                854

                855

                856

                857

                858

                859

                860
                861

                862

                863

                864

                865

                866

                867

                868

                869

                870
                871

                872

                873

                874

                875

                876

                877

                878

                879

                880
                881

                882

                883

                884

                885

                886

                887

                888

                889

                890
                891

                892

                893

                894

                895

                896

                897

                898

                899

                900
                901

                902

                903

                904

                905

                906

                907

                908

                909

                910
                911

                912

                913

                914

                915

                916

                917

                918

                919

                920
                921

                922

                923

                924

                925

                926

                927

                928

                929

                930
                931

                932

                933

                934

                935

                936

                937

                938

                939

                940
                941

                942

                943

                944

                945

                946

                947

                948

                949

                950
                951

                952

                953

                954

                955

                956

                957

                958

                959

                960
                961

                962

                963

                964

                965

                966

                967

                968

                969

                970
                971

                972

                973

                974

                975

                976

                977

                978

                979

                980
                981

                982

                983

                984

            ID: 237409
            +Lesser Ghoul
                1

                2

                3

                4

                5

                6

                7

                8

                9

                10
                11

                12

                13

                14

                15

                16

                17

                18

                19

                20
                21

                22

                23

                24

                25

                26

                27

                28

                29

                30
                31

                32

                33

                34

                35

                36

                37

                38

                39

                40
                41

                42

                43

                44

                45

                46

                47

                48

                49

                50
                51

                52

                53

                54

                55

                56

                57

                58

                59

                60
                61

                62

                63

                64

                65

                66

                67

                68

                69

                70
                71

                72

                73

                74

                75

                76

                77

                78

                79

                80
                81

                82

                83

                84

                85

                86

                87

                88

                89

                90
                91

                92

                93

                94

                95

                96

                97

                98

                99

                100
                101

                102

                103

                104

                105

                106

                107

                108

                109

                110
                111

                112

                113

                114

                115

                116

                117

                118

                119

                120
                121

                122

                123

                124

                125

                126

                127

                128

                129

                130
                131

                132

                133

                134

                135

                136

                137

                138

                139

                140
                141

                142

                143

                144

                145

                146

                147

                148

                149

                150
                151

                152

                153

                154

                155

                156

                157

                158

                159

                160
                161

                162

                163

                164

                165

                166

                167

                168

                169

                170
                171

                172

                173

                174

                175

                176

                177

                178

                179

                180
                181

                182

                183

                184

                185

                186

                187

                188

                189

                190
                191

                192

                193

                194

                195

                196

                197

                198

                199

                200
                201

                202

                203

                204

                205

                206

                207

                208

                209

                210
                211

                212

                213

                214

                215

                216

                217

                218

                219

                220
                221

                222

                223

                224

                225

                226

                227

                228

                229

                230
                231

                232

                233

                234

                235

                236

                237

                238

                239

                240
                241

                242

                243

                244

                245

                246

                247

                248

                249

                250
                251

                252

                253

                254

                255

                256

                257

                258

                259

                260
                261

                262

                263

                264

                265

                266

                267

                268

                269

                270
                271

                272

                273

                274

                275

                276

                277

                278

                279

                280
                281

                282

                283

                284

                285

                286

                287

                288

                289

                290
                291

                292

                293

                294

                295

                296

                297

                298

                299

                300
                301

                302

                303

                304

                305

                306

                307

                308

                309

                310
                311

                312

                313

                314

                315

                316

                317

                318

                319

                320
                321

                322

                323

                324

                325

                326

                327

                328

                329

                330
                331

                332

                333

                334

                335

                336

                337

                338

                339

                340
                341

                342

                343

                344

                345

                346

                347

                348

                349

                350
                351

                352

                353

            ID: 258578
            +Magus of the Dead
                1

                2

                3

                4

                5

                6

                7

                8

                9

                10
                11

                12

                13

                14

                15

                16

                17

                18

                19

                20
                21

                22

                23

                24

                25

                26

                27

                28

                29

                30
                31

                32

                33

                34

                35

                36

                37

                38

                39

                40
                41

                42

                43

                44

                45

                46

                47

                48

                49

                50
                51

                52

                53

                54

                55

                56

                57

                58

                59

                60
                61

                62

                63

                64

                65

                66

                67

                68

                69

                70
                71

                72

                73

                74

                75

                76

                77

                78

                79

                80
                81

                82

                83

                84

                85

                86

                87

                88

                89

                90
                91

                92

                93

                94

                95

                96

                97

                98

                99

                100
                101

                102

                103

                104

                105

                106

                107

                108

                109

                110
                111

                112

                113

                114

                115

                116

                117

                118

                119

                120
                121

                122

                123

                124

                125

                126

                127

                128

                129

                130
                131

                132

                133

                134

                135

                136

                137

                138

                139

                140
                141

                142

                143

                144

                145

                146

                147

                148

                149

                150
                151

                152

                153

                154

                155

                156

                157

                158

                159

                160
                161

                162

                163

                164

                165

                166

                167

                168

                169

                170
                171

                172

                173

                174

                175

                176

                177

                178

                179

                180
                181

                182

                183

                184

                185

                186

                187

                188

                189

                190
                191

                192

                193

                194

                195

                196

                197

                198

                199

                200
                201

                202

                203

                204

                205

                206

                207

                208

                209

                210
                211

                212

                213

                214

                215

                216

                217

                218

                219

                220
                221

                222

                223

                224

                225

                226

                227

                228

                229

                230
                231

                232

                233

                234

                235

                236

                237

                238

                239

                240
                241

                242

                243

                244

                245

                246

                247

                248

                249

                250
                251

                252

                253

                254

                255

                256

                257

                258

                259

                260
                261

                262

                263

                264

                265

                266

                267

                268

                269

                270
                271

                272

                273

                274

                275

                276

                277

                278

                279

                280
                281

                282

                283

                284

                285

                286

                287

                288

                289

                290
                291

                292

                293

                294

                295

                296

                297

                298

                299

                300
                301

                302

                303

                304

                305

                306

                307

                308

                309

                310
                311

                312

                313

                314

                315

                316

                317

                318

                319

                320
                321

                322

                323

                324

                325

                326

                327

                328

                329

                330
                331

                332

                333

                334

                335

                336

                337

                338

                339

                340
                341

                342

                343

                344

                345

                346

                347

                348

                349

                350
                351

                352

                353

                354

                355

                356

                357

                358

                359

                360
                361

                362

                363

                364

                365

                366

                367

                368

                369

                370
                371

                372

                373

                374

                375

                376

                377

                378

                379

                380
                381

                382

                383

                384

                385

                386

                387

                388

                389

                390
                391

                392

                393

                394

                395

                396

                397

                398

                399

                400
                401

                402

                403

                404

            ID: 163366
            +Nazgrim
                1

                2

                3

                4

                5

                6

                7

                8

                9

                10
                11

                12

                13

                14

                15

                16

                17

                18

                19

                20
                21

                22

                23

                24

                25

                26

                27

                28

                29

                30
                31

                32

                33

                34

                35

            ID: 221634
        Hofidh
        +Grootkin
            +Dread Shade
                1

                2

                3

                4

                5

                6

                7

                8

                9

                10
                11

                12

                13

                14

                15

                16

                17

                18

                19

                20
                21

                22

                23

                24

                25

                26

                27

                28

                29

                30
                31

                32

                33

                34

                35

                36

                37

            ID: 251422
        +Powerpegging
            +Dracthyr Commando
                1

                2

                3

                4

                5

                6

                7

                8

                9

                10
                11

                12

                13

                14

                15

                16

                17

                18

                19

                20
                21

                22

                23

                24

                25

                26

                27

                28

                29

                30
                31

                32

                33

                34

                35

                36

                37

                38

                39

                40
                41

                42

                43

                44

                45

                46

            ID: 219827
            +Future Self
                1

                2

                3

                4

                5

                6

                7

                8

                9

                10
                11

                12

                13

                14

                15

                16

                17

                18

                19

                20
                21

                22

                23

            ID: 253466
        +Âskelele
            +Chi-Ji
                1

                2

                3

                4

                5

                6

                7

                8

                9

                10
                11

                12

                13

                14

                15

                16

                17

                18

                19

            ID: 166949
            +Jade Serpent Statue
                1

                2

                3

                4

                5

                6

                7

                8

                9

                10
                11

                12

                13

                14

                15

                16

                17

                18

                19

                20
                21

                22

                23

                24

                25

                26

                27

                28

                29

                30
                31

                32

                33

                34

                35

                36

                37

                38

                39

                40
                41

                42

                43

                44

                45

                46

                47

                48

                49

                50

            ID: 60849
        Magic Book

        ID: 195416
        Professor Ichistrasz

        ID: 189667
        Professor Maxdormu

        ID: 189668
        Professor Mystakria

        ID: 187287






Friendlies Enemies
Summary
Damage Done
Damage Taken
Healing
Threat
Buffs
Debuffs
Deaths
Interrupts
Dispels
Resources
Casts

    +Ignore Events After Player Deaths
        Ignore Events After Player Deaths
        Ignore Events After A Called Wipe

Filter Expression:

    +
        Heroism
        Downtime
        Player Deaths
        Player Resurrections
        Boss Deaths
        NPC Deaths
        Show All Entries
        Hide All Entries

ZoomPer Second AmountDamage DoneDamage TakenHealing Done00:0005:0010:0015:0020:0025:0030:000M1M2M3M
Group Composition Item Level: 289.20
Tanks:	Grootkin
DPS:	Enjiexdk Hofidh Powerpegging
Healers:	Âskelele
Damage Done By Source
Name

Amount

DPS

Hofidh
27.49%
365.60m 	198,761.4
Enjiexdk
27.20%
361.72m 	196,654.1
Powerpegging
24.79%
329.71m 	179,247.2
Grootkin
14.52%
193.09m 	104,975.6
Âskelele
5.99%
79.61m 	43,279.6
Healing Done By Source
Name

Amount

HPS

Âskelele
52.14%
171.44m 	93,203.0
Grootkin
36.08%
118.63m 	64,496.1
Powerpegging
4.77%
15.67m 	8,518.1
Hofidh
3.61%
11.85m 	6,444.3
Enjiexdk
2.62%
8.62m 	4,686.8
Ancient Branch
0.78%
2.56m 	1,394.3
Damage Taken By Ability
Name

Amount

DTPS

Melee
26.85%
88.58m 	48,155.2
Deafening Screech
7.78%
25.67m 	13,956.1
Spellbound Weapon
6.71%
22.13m 	12,030.8
Splinterbark
5.35%
17.65m 	9,597.8
Overwhelming Power
5.03%
16.59m 	9,017.4
Arcane Smash
4.31%
14.22m 	7,732.1
Vile Bite
3.94%
13.00m 	7,067.0
Mana Bomb
3.80%
12.55m 	6,820.3
Vicious Lunge
2.88%
9.50m 	5,162.8
Peck
2.79%
9.22m 	5,010.6
Savage Peck
2.78%
9.18m 	4,992.8
Raging Screech
2.73%
9.00m 	4,892.5
Blistering Fire
2.64%
8.71m 	4,733.0
Arcane Fissure
2.29%
7.57m 	4,112.8
Astral Blast
2.29%
7.54m 	4,100.4
Vicious Ambush
1.98%
6.54m 	3,556.1
Arcane Expulsion
1.76%
5.81m 	3,159.1
Mana Bomb
1.64%
5.41m 	2,943.6
Arcane Missiles
1.37%
4.52m 	2,458.4
Mana Void
1.36%
4.50m 	2,446.3
Burst Forth
1.32%
4.34m 	2,359.2
Arcane Orb
1.29%
4.27m 	2,321.4
Energy Bomb
1.10%
3.64m 	1,976.8
Darting Sting
1.09%
3.61m 	1,960.7
Lasher Toxin
1.07%
3.52m 	1,912.1
Storm Slash
0.77%
2.52m 	1,372.6
Astral Whirlwind
0.49%
1.62m 	881.9
Stretch Time
0.46%
1.52m 	828.2
Mana Void
0.45%
1.47m 	800.4
Energy Eruption
0.37%
1.24m 	672.4
Unleash Energy
0.35%
1.15m 	626.7
Expel Intruders
0.32%
1.07m 	579.8
Barkbreaker
0.31%
1.02m 	554.2
Roving Cyclone
0.21%
706.6k 	384.1
Arcane Bolt
0.08%
257.5k 	140.0
Riftbreath
0.03%
101.3k 	55.1
Deaths
Name

Killing Blow

Time

Grootkin 	Vile Bite 	1:38
Hofidh 	Vicious Lunge 	20:32
Powerpegging 	Arcane Smash 	24:55
Characters
Tanks

Class Talents

Spec Talents

Gear

Combat Potions

Healthstones & Potions
Grootkin
Druid (Guardian)
289 Item Level
Rake
Frenzied Regeneration
Ursoc's Spirit
Grievous Wounds
Swipe
Remove Corruption
Verdant Heart
Nurturing Instinct 2
Killer Instinct 2
Ironfur
Improved Barkskin
Natural Recovery
Thick Hide
Skull Bash
Wild Charge
Soothe
Aessina's Renewal
Typhoon
Stampeding Roar
Well-Honed Instincts
Feline Swiftness
Matted Fur 2
Ursol's Vortex
Lycara's Teachings 2
Gift of the Wild
Oakskin
Lore of the Grove
Perfectly-Honed Instincts
Improved Stampeding Roar
Incapacitating Roar
Circle of the Wild
Heart of the Wild
Fluid Form

Maul
Gore
Survival Instincts
Persistence
Dream Guide
Vulnerable Flesh
Berserk
Innate Resolve
After the Wildfire
Survival of the Fittest 2
Scintillating Moonlight 2
Reinvigoration 1
Ursol's Warding
Natural Resilience
Reinforced Fur
Gift of an Ancient Guardian
Ursoc's Endurance
Rend and Tear
Lunar Beam
Fury of Nature 2
Blood Frenzy
Twin Moonfire
Flashing Claws 2
Ursoc's Fury
Elune's Favored
Incarnation: Guardian of Ursoc
Ursoc's Guidance
Galactic Guardian
Sundering Roar
Waking Nightmare
		5 	0
DPS

Class Talents

Spec Talents

Gear

Combat Potions

Healthstones & Potions
Enjiexdk
Death Knight (Unholy)
289 Item Level
Death Strike
Icebound Fortitude
Raise Dead
Runic Attenuation
Improved Death Strike
Cleaving Strikes
Blinding Sleet
Gloom Ward 2
Unholy Momentum 2
Mind Freeze
Enfeeble
Brittle
Permafrost
Veteran of the Third War
Coldthirst
Anti-Magic Zone
Unholy Bond
Icy Talons
Anti-Magic Barrier
Assimilation
Grip of the Dead
Death's Reach
Unholy Endurance
Blood Scent
Suppression
Insidious Chill
Blood Draw
Will of the Necropolis 2
Rune Mastery 2
Death's Echo
Null Magic

Outbreak
Scourge Strike
Sudden Doom
Dark Transformation
Putrefy
Clawing Shadows
Foul Infections
Grave Mastery
Necromancer's Cunning
Magus of the Dead
Soul Reaper
Festering Scythe
Ebon Fever
Cycle of Death
Ghoulish Frenzy
Army of the Dead
Menacing Magus
Reaping
Raise Abomination
Harbinger of Doom
Unholy Devotion
Doomed Bidding
Blightburst
Putrid Echoes
Commander of the Dead 2
Unholy Aura 2
Outnumber
Reanimation
Forbidden Knowledge 1
Forbidden Knowledge 2
Forbidden Knowledge 1
		6 	1
Hofidh
Demon Hunter (Devourer)
289 Item Level
Vengeful Retreat
Sigil of Misery
Voidblade
Unrestrained Fury
Shattered Restoration
Bouncing Glaives
Imprison
Improved Disrupt
Consume Magic
Void Nova
Aura of Pain
Disrupting Fury
Blazing Path
Focused Ire
Swallowed Anger
Burn It Out
Soul Rending 2
Pursuit
Illidari Knowledge 2
Will of the Illidari 2
Guile
Remorseless
Internal Struggle
First In, Last Out
Furious
Demon Muzzle
Soul Splitter 2
Darkness
Final Breath
Pitch Black
Demonic Resilience

Void Ray
Soul Immolation
Predator's Thirst
Void Metamorphosis
Feast of Souls
Tempered Soul
Collapsing Star
Moment of Craving
Soulshaper
Waste Not
Entropy
Sweet Suffering 2
Sweet Release 2
Improved Consume
Voidpurge
Focused Ray
Voidrage 2
Devourer's Edge 2
Demonic Instinct 2
Rolling Torment
Impending Apocalypse
Calamitous
Star Fragments
Eradicate
Emptiness
Midnight 1
Midnight 2
Midnight 1
		6 	1
Powerpegging
Evoker (Augmentation)
290 Item Level
Expunge
Obsidian Scales
Landslide
Natural Convergence
Verdant Embrace
Heavy Wingbeats
Obsidian Bulwark
Innate Magic 2
Cauterizing Flame
Inner Radiance
Clobbering Sweep
Attuned to the Dream 2
Sleep Walk
Instinctive Arcana 2
Tip the Scales
Draconic Legacy
Extended Flight 2
Inherent Resistance 2
Blast Furnace
Panacea
Renewing Blaze
Rescue
Stretch Time
Source of Magic
Foci of Life
Leaping Flames
Aerial Mastery
Potent Mana
Terror of the Skies
Zephyr
Spatial Paradox

Ebon Might
Eruption
Essence Burst
Ricocheting Pyroclast
Essence Attunement
Pupil of Alexstrasza
Quell
Upheaval
Defy Fate
Breath of Eons
Power Nexus
Volcanism
Ignition Rush
Chrono Ward
Bestow Weyrnstone
Draconic Attunements
Prescience
Tectonic Locus
Momentum Shift
Fate Mirror
Hoarded Power
Anachronism
Inferno's Blessing
Accretion
Time Skip
Imminent Destruction
Rumbling Earth
Plot the Future
Interwoven Threads
Mighty Inferno
Duplicate 1
Duplicate 2
Duplicate 1
		6 	3
Healers

Class Talents

Spec Talents

Gear

Combat Potions

Healthstones & Potions
Âskelele
Monk (Mistweaver)
289 Item Level
Soothing Mist
Paralysis
Rising Sun Kick
Elusive Mists
Tiger's Lust
Fast Feet
Improved Detox
Grace of the Crane
Calming Presence
Pressure Points
Ancient Arts 2
Vivacious Vivification
Chi Warding
Transcendence
Celerity
Chi Wave
Ring of Peace
Ferocity of Xuen 2
Tiger Tail Sweep
Dance of the Wind
Yu'lon's Grace
Fortifying Brew
Mist Caller
Save Them All
Jade Infusion
Expeditious Fortification
Vital Clarity
Chi Proficiency 2
Martial Instincts 2
Lighter Than Air
Flow of Chi
Fatal Touch

Enveloping Mist
Misty Coalescence
Thunder Focus Tea
Life Cocoon
Invigorating Mists
Mana Tea
Crane Style
Healing Elixir
Revival
Calming Coalescence
Energizing Brew
Way of the Crane
Mists of Life
Rapid Diffusion 2
Invoke Chi-Ji, the Red Crane
Mist Wrap
Chrysalis
Lotus Infusion
Celestial Harmony
Gift of the Celestials
Focused Thunder
Sheilun's Gift
Morning Breeze
Pool of Mists
Jadefire Teachings
Veil of Pride
Secret Infusion 2
Emperor's Elixir
Dance of Chi-Ji
Rising Mist
Legacy of Wisdom
Mistline
		5 	1
Warcraft Logs Logo
HEY THERE.We all want Warcraft Logs to remain free.
We work hard to offer you the best possible experience.
Help us by disabling your Adblock or supporting us on Patreon.
Guild logo
Warcraft Logs
Contact Us
-
Privacy Policy
-
Video Terms of Service
-
Careers
twitter's Icon Logo
discord's Icon Logo
patreon's Icon Logo
Latest Article
Archon App: Cloud Video Released!
4 days ago
Resources
Forums
Subscribe
Help and Info
Brand
Our Websites
Archon
WoW Retail
WoW Classic
WoW SoD
WoW Classic Fresh
WoW Vanilla
Final Fantasy XIV
Elder Scrolls Online
SWTOR
Latest Raid
Statistics
Rankings
Progress
All Reports
Our Tools
Download App
WoWAnalyzer
Wipefest
Recruitment
© 2013-2026 Warcraft Logs
