

    Midnight
    Mists of Pandaria
    Classic Fresh
    Season of Discovery
    Vanilla

Warcraft Logs
Enter a player, guild, or realm
Enter a player, guild, or realm
Search
135
Download Archon App

    Deutsch
    English
    Español
    Français
    Italiano
    Português (Brasil)
    Русский
    한국어
    繁體中文
    简体中文

VS / DR / MQD
Created by BudoBoy07 on Thu May 28 2026

    Edit Report
    Delete Report
    Make Private
    View in Anonymous Mode

Settings
+

    VS / DR / MQD
    BudoBoy07 - (Public) - 1 hour ago
    Mythic+ Season 1
    BudoBoy07 - (Public) - 1 hour ago
    Sporefall
    BudoBoy07 - (Public) - 2 months ago
    Sporefall
    BudoBoy07 - (Public) - 2 months ago

BudoBoy07
Personal Logs
+
Maisara Caverns+
+21 [Tyrannical] [Fortified] [Xal'atath's Guile] 1 (19:30) 2:26 PM

    + Bosses and Trash
        Bosses and Trash
        Bosses
        Trash
        Muro'jin and Nekraxx
        Vordaza
        Rak'tul, Vessel of Souls
        Pull 1 (1:04) +0:10
        Dread Souleater
        Pull 2 (3:24) +1:21
        Hulking Juggernaut
        Pull 3 (1:23) +5:01
        Dread Souleater
        Pull 4 (1:18) +6:40
        Hex Guardian
        Pull 5 (3:47) +8:10
        Muro'jin and Nekraxx
        Pull 6 (7:00) +12:30
        Rokh'zal

Entire Dungeon

    + All Friendlies
        +Cricridk
            +Abomination
                1

                2

                3

                4

                5

                6

                7

                8

                9

                10
                11

                12

            ID: 149555
            Broieloeil
            +High Inquisitor Whitemane
                1

                2

                3

                4

                5

                6

                7

                8

                9

                10
                11

                12

                13

                14

                15

                16

                17

                18

                19

                20
                21

                22

                23

                24

                25

                26

                27

                28

                29

            ID: 221633
            +Highlord Darion Mograine
                1

                2

                3

                4

                5

                6

                7

                8

                9

                10
                11

                12

                13

                14

                15

                16

                17

                18

                19

                20
                21

                22

                23

                24

                25

                26

                27

            ID: 221632
            +King Thoras Trollbane
                1

                2

                3

                4

                5

                6

                7

                8

                9

                10
                11

                12

                13

                14

                15

                16

                17

                18

                19

                20
                21

                22

                23

                24

                25

                26

                27

            ID: 221635
            +Lesser Ghoul
                1

                2

                3

                4

                5

                6

                7

                8

                9

                10
                11

                12

                13

                14

                15

                16

                17

                18

                19

                20
                21

                22

                23

                24

                25

                26

                27

                28

                29

                30
                31

                32

                33

                34

                35

                36

                37

                38

                39

                40
                41

                42

                43

                44

                45

                46

                47

                48

                49

                50
                51

                52

                53

                54

                55

                56

                57

                58

                59

                60
                61

                62

                63

                64

                65

                66

                67

                68

                69

                70
                71

                72

                73

                74

                75

                76

                77

                78

                79

                80
                81

                82

                83

                84

                85

                86

                87

                88

                89

                90
                91

                92

                93

                94

                95

                96

                97

                98

                99

                100
                101

                102

                103

                104

                105

                106

                107

                108

                109

                110
                111

                112

                113

                114

                115

                116

                117

                118

                119

                120
                121

                122

                123

                124

                125

                126

                127

                128

                129

                130
                131

                132

                133

                134

                135

                136

                137

                138

                139

                140
                141

                142

                143

                144

                145

                146

                147

                148

                149

                150
                151

                152

                153

                154

                155

                156

                157

                158

                159

                160
                161

                162

                163

                164

                165

                166

                167

                168

                169

                170
                171

                172

                173

                174

                175

                176

                177

                178

                179

                180
                181

                182

                183

                184

                185

                186

                187

                188

                189

                190
                191

                192

                193

                194

                195

                196

                197

                198

                199

                200
                201

                202

                203

                204

                205

                206

                207

                208

                209

                210
                211

                212

                213

                214

                215

                216

                217

                218

                219

                220
                221

                222

                223

                224

                225

                226

                227

                228

                229

                230
                231

                232

                233

                234

                235

                236

                237

                238

                239

                240
                241

                242

                243

                244

                245

                246

                247

                248

                249

                250
                251

                252

                253

                254

                255

                256

                257

                258

                259

                260
                261

                262

                263

                264

                265

                266

                267

                268

                269

                270
                271

                272

                273

                274

                275

                276

                277

                278

                279

                280
                281

                282

                283

                284

                285

                286

                287

                288

                289

                290
                291

                292

                293

                294

                295

                296

                297

                298

                299

                300
                301

                302

                303

                304

                305

                306

                307

                308

                309

                310
                311

                312

                313

                314

                315

                316

                317

                318

                319

                320
                321

                322

                323

                324

                325

                326

                327

                328

                329

                330
                331

                332

                333

                334

                335

                336

                337

                338

                339

                340
                341

                342

                343

                344

                345

                346

                347

                348

                349

                350
                351

                352

                353

                354

                355

                356

                357

                358

                359

                360
                361

                362

                363

                364

                365

                366

                367

                368

                369

                370
                371

                372

                373

                374

                375

                376

                377

                378

                379

                380
                381

                382

                383

                384

                385

                386

                387

                388

                389

                390
                391

                392

                393

                394

                395

                396

                397

                398

                399

                400
                401

                402

                403

                404

                405

                406

                407

                408

                409

                410
                411

                412

                413

                414

                415

                416

                417

                418

                419

                420
                421

                422

                423

                424

                425

                426

                427

                428

                429

                430
                431

                432

                433

                434

                435

                436

                437

                438

                439

                440
                441

                442

                443

                444

                445

                446

                447

                448

                449

                450
                451

                452

                453

                454

                455

                456

                457

                458

                459

                460
                461

                462

                463

                464

                465

                466

                467

                468

                469

                470
                471

                472

                473

                474

                475

                476

                477

                478

                479

                480
                481

                482

                483

                484

                485

                486

                487

                488

                489

                490
                491

                492

                493

                494

                495

                496

                497

                498

                499

                500
                501

                502

                503

                504

                505

                506

                507

                508

                509

                510
                511

                512

                513

                514

                515

                516

                517

                518

                519

                520
                521

                522

                523

                524

                525

                526

                527

                528

                529

                530
                531

                532

                533

                534

                535

                536

                537

                538

                539

                540
                541

                542

                543

                544

                545

                546

                547

                548

                549

                550
                551

                552

                553

                554

                555

                556

                557

                558

                559

                560
                561

                562

                563

                564

                565

                566

                567

                568

                569

                570
                571

                572

                573

                574

                575

            ID: 237409
            +Lesser Ghoul
                1

                2

                3

                4

                5

                6

                7

                8

                9

                10
                11

                12

                13

                14

                15

                16

                17

                18

                19

                20
                21

                22

                23

                24

                25

                26

                27

                28

                29

                30
                31

                32

                33

                34

                35

                36

                37

                38

                39

                40
                41

                42

                43

                44

                45

                46

                47

                48

                49

                50
                51

                52

                53

                54

                55

                56

                57

                58

                59

                60
                61

                62

                63

                64

                65

                66

                67

                68

                69

                70
                71

                72

                73

                74

                75

                76

                77

                78

                79

                80
                81

                82

                83

                84

                85

                86

                87

                88

                89

                90
                91

                92

                93

                94

                95

                96

                97

                98

                99

                100
                101

                102

                103

                104

                105

                106

                107

                108

                109

                110
                111

                112

                113

                114

                115

                116

                117

                118

                119

                120
                121

                122

                123

                124

                125

                126

                127

                128

                129

                130
                131

                132

                133

                134

                135

                136

                137

                138

                139

                140
                141

                142

                143

                144

                145

                146

                147

                148

                149

                150
                151

                152

                153

                154

                155

                156

                157

                158

                159

                160
                161

                162

                163

                164

                165

                166

                167

                168

                169

                170
                171

                172

                173

                174

                175

                176

                177

                178

                179

                180
                181

                182

                183

                184

            ID: 258578
            +Magus of the Dead
                1

                2

                3

                4

                5

                6

                7

                8

                9

                10
                11

                12

                13

                14

                15

                16

                17

                18

                19

                20
                21

                22

                23

                24

                25

                26

                27

                28

                29

                30
                31

                32

                33

                34

                35

                36

                37

                38

                39

                40
                41

                42

                43

                44

                45

                46

                47

                48

                49

                50
                51

                52

                53

                54

                55

                56

                57

                58

                59

                60
                61

                62

                63

                64

                65

                66

                67

                68

                69

                70
                71

                72

                73

                74

                75

                76

                77

                78

                79

                80
                81

                82

                83

                84

                85

                86

                87

                88

                89

                90
                91

                92

                93

                94

                95

                96

                97

                98

                99

                100
                101

                102

                103

                104

                105

                106

                107

                108

                109

                110
                111

                112

                113

                114

                115

                116

                117

                118

                119

                120
                121

                122

                123

                124

                125

                126

                127

                128

                129

                130
                131

                132

                133

                134

                135

                136

                137

                138

                139

                140
                141

                142

                143

                144

                145

                146

                147

                148

                149

                150
                151

                152

                153

                154

                155

                156

                157

                158

                159

                160
                161

                162

                163

                164

                165

                166

                167

                168

                169

                170
                171

                172

                173

                174

                175

                176

                177

                178

                179

                180
                181

                182

                183

                184

                185

                186

                187

                188

                189

                190
                191

                192

                193

                194

                195

                196

                197

                198

                199

                200
                201

                202

                203

                204

                205

                206

                207

                208

                209

                210
                211

                212

                213

                214

                215

                216

                217

                218

            ID: 163366
            +Nazgrim
                1

                2

                3

                4

                5

                6

                7

                8

                9

                10
                11

                12

                13

                14

                15

                16

                17

                18

                19

                20
                21

                22

                23

                24

                25

                26

                27

            ID: 221634
        +Powerpegging
            +Dracthyr Commando
                1

                2

                3

                4

                5

                6

                7

                8

                9

                10
                11

                12

                13

                14

                15

                16

                17

                18

                19

                20
                21

                22

                23

                24

                25

                26

                27

                28

                29

                30
                31

                32

                33

                34

            ID: 219827
            +Future Self
                1

                2

                3

                4

                5

                6

                7

                8

                9

                10
                11

                12

                13

                14

                15

                16

                17

                18

            ID: 253466
        +Tuzzamonk
            +Niuzao
                1

                2

                3

                4

                5

                6

                7

                8

            ID: 73967
        +Dabble
            +Shadowfiend
                1

                2

                3

                4

                5

                6

                7

                8

                9

                10
                11

                12

                13

                14

                15

                16

                17

                18

                19

                20
                21

                22

                23

                24

                25

                26

                27

                28

                29

            ID: 19668
        +Søulz
            +Antoran Inquisitor
                1

                2

                3

                4

                5

                6

                7

                8

                9

                10
                11

                12

                13

                14

                15

                16

                17

                18

                19

                20
                21

                22

            ID: 258242
            +Antoran Jailer
                1

                2

                3

                4

                5

                6

                7

                8

                9

                10
                11

                12

                13

                14

                15

                16

                17

                18

            ID: 255147
            +Charhound
                1

                2

                3

                4

                5

                6

                7

                8

                9

                10
                11

                12

                13

                14

                15

                16

                17

                18

                19

                20
                21

                22

                23

                24

                25

                26

                27

                28

                29

                30
                31

                32

                33

                34

                35

                36

                37

                38

                39

                40
                41

                42

                43

                44

                45

                46

                47

                48

            ID: 226269
            +Demonic Tyrant
                1

                2

                3

                4

                5

                6

                7

                8

                9

                10
                11

                12

                13

            ID: 250289
            +Dreadstalker
                1

                2

                3

                4

                5

                6

                7

                8

                9

                10
                11

                12

                13

                14

                15

                16

                17

                18

                19

                20
                21

                22

                23

                24

                25

                26

                27

                28

                29

                30
                31

                32

                33

                34

                35

                36

                37

                38

                39

                40
                41

                42

                43

                44

                45

                46

                47

                48

                49

                50
                51

                52

                53

                54

                55

                56

                57

                58

                59

                60
                61

                62

                63

                64

                65

                66

                67

                68

                69

                70
                71

                72

                73

                74

                75

                76

                77

                78

                79

                80
                81

                82

                83

                84

                85

                86

                87

                88

                89

                90
                91

                92

                93

                94

                95

                96

            ID: 98035
            +Grand Warlock Alythess
                1

                2

                3

                4

                5

                6

                7

                8

                9

                10
                11

            ID: 260077
            +Imp Lord
                1

                2

                3

                4

                5

                6

                7

                8

            ID: 258584
            Krengozin
            +Lady Sacrolash
                1

                2

                3

                4

                5

                6

                7

                8

                9

                10
                11

            ID: 260076
            +Mother of Chaos
                1

                2

                3

                4

                5

                6

                7

                8

                9

                10
                11

                12

                13

                14

                15

                16

                17

                18

                19

                20
                21

                22

                23

                24

                25

                26

            ID: 228576
            +Overlord
                1

                2

                3

                4

                5

                6

                7

                8

                9

                10
                11

                12

                13

                14

                15

                16

                17

                18

                19

                20
                21

                22

                23

                24

                25

                26

                27

            ID: 228575
            +Pit Lord
                1

                2

                3

                4

                5

                6

                7

                8

                9

                10
                11

                12

                13

                14

                15

                16

                17

                18

                19

                20
                21

                22

                23

                24

                25

                26

            ID: 228574
            +Wild Imp (Hand of Gul'dan)
                1

                2

                3

                4

                5

                6

                7

                8

                9

                10
                11

                12

                13

                14

                15

                16

                17

                18

                19

                20
                21

                22

                23

                24

                25

                26

                27

                28

                29

                30
                31

                32

                33

                34

                35

                36

                37

                38

                39

                40
                41

                42

                43

                44

                45

                46

                47

                48

                49

                50
                51

                52

                53

                54

                55

                56

                57

                58

                59

                60
                61

                62

                63

                64

                65

                66

                67

                68

                69

                70
                71

                72

                73

                74

                75

                76

                77

                78

                79

                80
                81

                82

                83

                84

                85

                86

                87

                88

                89

                90
                91

                92

                93

                94

                95

                96

                97

                98

                99

                100
                101

                102

                103

                104

                105

                106

                107

                108

                109

                110
                111

                112

                113

                114

                115

                116

                117

                118

                119

                120
                121

                122

                123

                124

                125

                126

                127

                128

                129

                130
                131

                132

                133

                134

                135

                136

                137

                138

                139

                140
                141

                142

                143

                144

                145

                146

                147

                148

                149

                150
                151

                152

                153

                154

                155

                156

                157

                158

                159

                160
                161

                162

                163

                164

                165

                166

                167

                168

                169

                170
                171

                172

                173

                174

                175

                176

                177

                178

                179

                180
                181

                182

                183

                184

                185

                186

                187

                188

                189

                190
                191

                192

                193

                194

                195

                196

                197

                198

                199

                200
                201

                202

                203

                204

                205

                206

                207

                208

                209

                210
                211

                212

                213

                214

                215

                216

                217

                218

                219

                220
                221

                222

                223

                224

                225

                226

                227

                228

                229

                230
                231

                232

                233

                234

                235

                236

                237

                238

                239

                240
                241

                242

                243

                244

                245

                246

                247

                248

                249

                250
                251

                252

                253

                254

                255

                256

                257

                258

                259

                260
                261

                262

                263

                264

                265

                266

                267

                268

                269

                270
                271

                272

                273

                274

                275

                276

                277

                278

                279

                280
                281

                282

                283

                284

                285

                286

                287

                288

                289

                290
                291

                292

                293

                294

                295

                296

                297

                298

                299

                300
                301

                302

                303

                304

                305

                306

                307

                308

                309

                310
                311

                312

                313

                314

                315

                316

                317

                318

                319

                320
                321

                322

                323

                324

                325

                326

                327

                328

                329

                330
                331

                332

                333

                334

                335

                336

                337

                338

                339

                340
                341

                342

                343

                344

                345

                346

                347

                348

                349

                350
                351

                352

                353

                354

                355

                356

                357

                358

                359

                360
                361

                362

                363

                364

                365

                366

                367

                368

                369

                370
                371

                372

                373

                374

                375

                376

                377

                378

                379

                380
                381

                382

                383

                384

                385

                386

                387

                388

                389

                390
                391

                392

                393

                394

                395

                396

                397

                398

                399

                400
                401

                402

                403

                404

                405

                406

                407

                408

                409

                410
                411

                412

                413

                414

                415

                416

                417

                418

                419

                420
                421

                422

                423

                424

                425

                426

                427

                428

                429

                430
                431

                432

                433

                434

                435

                436

                437

                438

                439

                440
                441

                442

                443

                444

                445

                446

                447

                448

                449

                450
                451

                452

                453

                454

                455

                456

                457

                458

                459

                460
                461

                462

                463

                464

                465

                466

                467

                468

                469

                470
                471

                472

                473

                474

                475

                476

                477

                478

                479

                480
                481

                482

                483

                484

                485

                486

                487

                488

                489

                490
                491

                492

                493

                494

                495

                496

                497

                498

                499

                500
                501

                502

                503

                504

                505

                506

                507

                508

                509

                510
                511

                512

                513

                514

                515

                516

                517

                518

                519

                520
                521

                522

                523

                524

                525

                526

                527

                528

                529

                530
                531

                532

                533

                534

                535

                536

                537

                538

                539

                540
                541

                542

                543

                544

                545

                546

                547

                548

                549

                550
                551

                552

                553

                554

                555

                556

                557

                558

                559

                560
                561

                562

                563

                564

                565

                566

                567

                568

                569

                570
                571

                572

                573

                574

                575

                576

                577

                578

                579

                580
                581

                582

                583

                584

                585

                586

                587

                588

                589

                590
                591

                592

                593

                594

                595

                596

                597

                598

                599

                600
                601

                602

                603

                604

                605

                606

                607

                608

                609

                610
                611

                612

                613

                614

                615

                616

                617

                618

                619

                620
                621

                622

                623

                624

                625

                626

                627

                628

                629

                630
                631

                632

                633

                634

                635

                636

                637

                638

                639

                640
                641

                642

                643

                644

                645

                646

                647

                648

                649

                650
                651

                652

                653

                654

                655

                656

                657

                658

                659

                660
                661

                662

                663

                664

                665

                666

                667

                668

                669

                670
                671

                672

                673

                674

                675

                676

                677

                678

                679

                680
                681

                682

                683

                684

                685

                686

                687

                688

                689

                690
                691

                692

                693

                694

                695

                696

                697

                698

                699

                700
                701

                702

                703

                704

                705

                706

                707

                708

                709

                710
                711

                712

                713

                714

                715

                716

                717

                718

                719

                720
                721

                722

                723

                724

                725

                726

                727

                728

                729

                730
                731

                732

                733

                734

                735

                736

                737

                738

                739

                740
                741

                742

                743

                744

                745

                746

                747

                748

                749

                750

            ID: 55659
            +Wild Imp (Inner Demons/To Hell and Back)
                1

                2

                3

                4

                5

                6

                7

                8

                9

                10
                11

                12

                13

                14

                15

                16

                17

                18

                19

                20
                21

                22

                23

                24

                25

                26

                27

                28

                29

                30
                31

                32

                33

                34

                35

                36

                37

                38

                39

                40
                41

                42

                43

                44

                45

                46

                47

                48

                49

                50
                51

                52

                53

                54

                55

                56

                57

                58

                59

                60
                61

                62

                63

                64

                65

                66

                67

                68

                69

                70
                71

                72

                73

                74

                75

                76

                77

                78

                79

                80
                81

                82

                83

                84

                85

                86

                87

                88

                89

                90
                91

                92

                93

                94

                95

                96

                97

                98

                99

                100
                101

                102

                103

                104

                105

                106

                107

                108

                109

                110
                111

                112

                113

                114

                115

                116

                117

                118

                119

                120
                121

                122

                123

                124

                125

                126

                127

                128

                129

                130
                131

                132

                133

                134

                135

                136

                137

                138

                139

                140
                141

                142

                143

                144

                145

                146

                147

                148

                149

                150
                151

                152

                153

                154

                155

                156

                157

                158

                159

                160
                161

                162

                163

                164

                165

                166

                167

                168

                169

                170
                171

                172

                173

                174

                175

                176

                177

                178

                179

                180
                181

                182

                183

                184

                185

                186

                187

                188

                189

                190
                191

                192

                193

                194

                195

                196

                197

                198

                199

                200
                201

                202

                203

                204

                205

                206

                207

                208

                209

                210
                211

                212

                213

                214

                215

                216

                217

                218

                219

                220
                221

                222

                223

                224

                225

                226

                227

                228

                229

                230
                231

                232

            ID: 143622





Friendlies Enemies
Summary
Damage Done
Damage Taken
Healing
Threat
Buffs
Debuffs
Deaths
Interrupts
Dispels
Resources
Casts

    +Ignore Events After Player Deaths
        Ignore Events After Player Deaths
        Ignore Events After A Called Wipe

Filter Expression:

    +
        Heroism
        Downtime
        Player Deaths
        Player Resurrections
        Boss Deaths
        NPC Deaths
        Show All Entries
        Hide All Entries

ZoomPer Second AmountDamage DoneDamage TakenHealing Done00:0002:0004:0006:0008:0010:0012:0014:0016:0018:000k500k1,000k1,500k2,000k2,500k3,000k
Group Composition Item Level: 289.00
Tanks:	Tuzzamonk
DPS:	Cricridk Powerpegging Søulz
Healers:	Dabble
Damage Done By Source
Name

Amount

DPS

Søulz
28.39%
289.61m 	247,315.3
Cricridk
27.84%
284.00m 	242,527.8
Powerpegging
25.15%
256.57m 	219,101.8
Tuzzamonk
16.27%
165.93m 	141,701.8
Dabble
2.35%
23.98m 	20,475.8
Healing Done By Source
Name

Amount

HPS

Tuzzamonk
47.75%
133.96m 	114,395.6
Dabble
43.88%
123.11m 	105,133.0
Powerpegging
3.04%
8.54m 	7,290.3
Søulz
2.80%
7.86m 	6,712.7
Cricridk
2.53%
7.09m 	6,055.5
Damage Taken By Ability
Name

Amount

DTPS

Stagger
31.28%
85.12m 	72,688.4
Melee
28.65%
77.96m 	66,577.5
Searing Presence
8.84%
24.06m 	20,550.0
Spectral Strikes
5.46%
14.85m 	12,681.9
Grim Ward
3.57%
9.72m 	8,299.0
Infected Pinions
2.82%
7.67m 	6,549.2
Barrage
1.71%
4.66m 	3,979.7
Necrotic Wave
1.34%
3.66m 	3,121.7
Deafening Roar
1.27%
3.45m 	2,944.5
Dread Slash
1.27%
3.44m 	2,940.8
Sear
1.21%
3.28m 	2,803.7
Throw Spear
1.18%
3.22m 	2,746.1
Piercing Screech
1.17%
3.17m 	2,710.9
Open Wound
1.02%
2.78m 	2,372.7
Shadowfrost Blast
1.01%
2.74m 	2,342.3
Soulstorms
0.92%
2.51m 	2,146.2
Crunch Armor
0.71%
1.94m 	1,658.7
Cries of the Fallen
0.63%
1.71m 	1,458.8
Magma Surge
0.62%
1.69m 	1,446.6
Shadow Bolt
0.60%
1.64m 	1,404.0
Burning Rush
0.51%
1.40m 	1,193.2
Shredding Talons
0.50%
1.37m 	1,167.3
Flanking Spear
0.47%
1.28m 	1,095.3
Shrink
0.43%
1.16m 	991.8
Frost Nova
0.42%
1.15m 	985.8
Spirit Rend
0.42%
1.15m 	980.5
Stretch Time
0.37%
1.02m 	867.6
Shadow Word: Death
0.34%
937.9k 	801.0
Shadow Mend
0.21%
570.5k 	487.2
Hooked Snare
0.21%
564.7k 	482.2
Fel Armor
0.20%
535.9k 	457.6
Diseased Claws
0.18%
491.3k 	419.6
Falling
0.17%
470.3k 	401.6
Icy Slick
0.11%
307.8k 	262.8
Ritual Sacrifice
0.10%
270.6k 	231.1
Umbral Vortex
0.07%
190.4k 	162.6
Deaths
Name

Killing Blow

Time

Søulz 	Melee 	15:51
Cricridk 	Piercing Screech 	18:27
Tuzzamonk 	Melee 	19:00
Søulz 	Melee 	19:04
Cricridk 	Shadowfrost Blast 	19:16
Tuzzamonk 	Spectral Strikes 	19:23
Powerpegging 	Shadowfrost Blast 	19:27
Dabble 	Melee 	19:29
Characters
Tanks

Class Talents

Spec Talents

Gear

Combat Potions

Healthstones & Potions
Tuzzamonk
Monk (Brewmaster)
289 Item Level
Stagger
Paralysis
Tiger's Lust
Fast Feet
Detox
Grace of the Crane
Calming Presence
Vivacious Vivification
Spear Hand Strike
Jade Walk
Ancient Arts 2
Transcendence
Celerity
Chi Burst
Ring of Peace
Improved Touch of Death
Hasty Provocation
Ferocity of Xuen 2
Tiger Tail Sweep
Vigorous Expulsion
Yu'lon's Grace
Fortifying Brew
Dance of the Wind
Save Them All
Expeditious Fortification
Chi Proficiency 2
Chi Transfer
Martial Instincts 2
Lighter Than Air
Flow of Chi
Transcendence: Linked Spirits
Fatal Touch

Keg Smash
Purifying Brew
Shuffle
Improved Blackout Kick
Elixir of Determination
Quick Sip
Gift of the Ox
Spirit of the Ox
Special Delivery
Shadowboxing Treads
Elusive Footwork
Celestial Infusion
Breath of Fire
Training of Niuzao
Gai Plin's Imperial Brew
Pretense of Instability
Zen State
Face Palm
Sal'salabim's Strength
Bob and Weave
Counterstrike
Anvil and Stave 2
Dragonfire Brew
High Tolerance 1
Blackout Combo
Invoke Niuzao, the Black Ox
Vital Flame
Stormstout's Last Keg
Heart of the Ox
Bring Me Another 1
Bring Me Another 2
Bring Me Another 1
		4 	1
DPS

Class Talents

Spec Talents

Gear

Combat Potions

Healthstones & Potions
Cricridk
Death Knight (Unholy)
290 Item Level
Death Strike
Icebound Fortitude
Raise Dead
Runic Attenuation
Improved Death Strike
Cleaving Strikes
Blinding Sleet
Gloom Ward 2
Unholy Momentum 2
March of Darkness
Mind Freeze
Enfeeble
Brittle
Permafrost
Veteran of the Third War
Coldthirst
Anti-Magic Zone
Unholy Bond
Icy Talons
Anti-Magic Barrier
Assimilation
Grip of the Dead
Death's Reach
Blood Scent
Suppression
Insidious Chill
Runic Protection
Will of the Necropolis 2
Rune Mastery 2
Death's Echo
Null Magic

Outbreak
Scourge Strike
Sudden Doom
Dark Transformation
Putrefy
Clawing Shadows
Foul Infections
Grave Mastery
Necromancer's Cunning
Magus of the Dead
Soul Reaper
Festering Scythe
Ebon Fever
Cycle of Death
Ghoulish Frenzy
Army of the Dead
Menacing Magus
Reaping
Raise Abomination
Harbinger of Doom
Unholy Devotion
Doomed Bidding
Blightburst
Putrid Echoes
Commander of the Dead 2
Unholy Aura 2
Outnumber
Reanimation
Forbidden Knowledge 1
Forbidden Knowledge 2
Forbidden Knowledge 1
		3 	1
Powerpegging
Evoker (Augmentation)
290 Item Level
Expunge
Obsidian Scales
Landslide
Natural Convergence
Verdant Embrace
Heavy Wingbeats
Obsidian Bulwark
Innate Magic 2
Cauterizing Flame
Inner Radiance
Clobbering Sweep
Attuned to the Dream 2
Sleep Walk
Instinctive Arcana 2
Tip the Scales
Draconic Legacy
Extended Flight 2
Inherent Resistance 2
Blast Furnace
Panacea
Renewing Blaze
Rescue
Stretch Time
Source of Magic
Foci of Life
Leaping Flames
Aerial Mastery
Potent Mana
Terror of the Skies
Zephyr
Spatial Paradox

Ebon Might
Eruption
Essence Burst
Ricocheting Pyroclast
Essence Attunement
Pupil of Alexstrasza
Quell
Upheaval
Defy Fate
Breath of Eons
Power Nexus
Volcanism
Bestow Weyrnstone
Ignition Rush
Chrono Ward
Draconic Attunements
Prescience
Tectonic Locus
Momentum Shift
Fate Mirror
Hoarded Power
Anachronism
Inferno's Blessing
Accretion
Time Skip
Imminent Destruction
Rumbling Earth
Plot the Future
Interwoven Threads
Mighty Inferno
Duplicate 1
Duplicate 2
Duplicate 1
		4 	2
Søulz
Warlock (Demonology)
290 Item Level
Fel Domination
Burning Rush
Soul Leech
Fiendish Stride
Fel Armor 2
Demon Skin 2
Demonic Fortitude
Demonic Embrace
Mortal Coil
Banish
Curse of Tongues
Demonic Circle
Improved Mortal Coil
Pact of the Annihilan
Pact of the Satyr
Gorefiend's Avarice
Dark Pact
Foul Mouth
Fortified Soul
Empowered Healthstone
Frequent Donor
Pact of the Eredar
Pact of the Nathrezim
Empowered Drain Life
Shadowfury
Demonic Gateway
Strength of Will
Oppressive Darkness
Soul Link 2
Pact of Gluttony
Soulburn
Blight of Tongues

Hand of Gul'dan
Call Dreadstalkers
Demoniac
Dreadlash
Fel Intellect
Implosion
Imp-erator
Summon Felguard
Carnivorous Stalkers 2
Rune of Shadows 2
Infernal Rapidity
Summon Demonic Tyrant
Demonic Brutality
Blighted Maw
Imp Gang Boss
Inner Demons
Flametouched
Antoran Armaments
Tyrant's Oblation
Demonic Calling 2
Master Summoner
Reign of Tyranny
Summon Vilefiend
Grimoire: Imp Lord
Hellbent Commander
Mark of F'harg
To Hell and Back
Dominion of Argus 1
Dominion of Argus 2
Dominion of Argus 1
		3 	3
Healers

Class Talents

Spec Talents

Gear

Combat Potions

Healthstones & Potions
Dabble
Priest (Discipline)
290 Item Level
Angelic Feather
Mind Blast
Improved Flash Heal
Dispel Magic
Spiritual Guidance
Psychic Scream
Power Infusion
Painful Invocation
Leap of Faith
Improved Purify
Strength of Resolve
Surge of Light
Twins of the Sun Priestess
Body and Soul
Twin Disciplines
Everlasting Light
Dark Enlightenment
Binding Heals
Inspiration
Shadow Word: Death
Sanguine Teachings
Twist of Fate 2
Desperate Prayer
Fade
Protective Light
Improved Fade 2
Mindpierce
Unwavering Will 2
Spell Warding 2
Angelic Bulwark
Translucent Image
Benevolence

Atonement
Pain Suppression
Power Word: Radiance
Power of the Dark Side
Encroaching Shadows
Protector of the Frail
Light's Promise
Revel in Darkness
Shield Discipline
Ultimate Penitence
Holy Ray
Lenience
Castigation
Pain and Suffering 2
Evangelism
Abyssal Reverie 2
Harsh Discipline 2
Shadow Mend
Shadowfiend
Archangel
Inner Focus
Borrowed Time 2
Divine Aegis
Inescapable Torment
Eternal Barrier
Weal and Woe
Master the Darkness 1
Master the Darkness 2
Master the Darkness 1
		1 	2
Warcraft Logs Logo
HEY THERE.We all want Warcraft Logs to remain free.
We work hard to offer you the best possible experience.
Help us by disabling your Adblock or supporting us on Patreon.
Guild logo
Warcraft Logs
Contact Us
-
Privacy Policy
-
Video Terms of Service
-
Careers
twitter's Icon Logo
discord's Icon Logo
patreon's Icon Logo
Latest Article
Archon App: Cloud Video Released!
4 days ago
Resources
Forums
Subscribe
Help and Info
Brand
Our Websites
Archon
WoW Retail
WoW Classic
WoW SoD
WoW Classic Fresh
WoW Vanilla
Final Fantasy XIV
Elder Scrolls Online
SWTOR
Latest Raid
Statistics
Rankings
Progress
All Reports
Our Tools
Download App
WoWAnalyzer
Wipefest
Recruitment
© 2013-2026 Warcraft Logs
