

    Midnight
    Mists of Pandaria
    Classic Fresh
    Season of Discovery
    Vanilla

Warcraft Logs
Enter a player, guild, or realm
Enter a player, guild, or realm
Search
138
Download Archon App

    Deutsch
    English
    Español
    Français
    Italiano
    Português (Brasil)
    Русский
    한국어
    繁體中文
    简体中文

Sporefall
Created by BudoBoy07 on Wed Jun 17 2026

    Edit Report
    Delete Report
    Make Private
    View in Anonymous Mode

Settings
+

    VS / DR / MQD
    BudoBoy07 - (Public) - 1 hour ago
    Mythic+ Season 1
    BudoBoy07 - (Public) - 1 hour ago
    Sporefall
    BudoBoy07 - (Public) - 2 months ago
    Sporefall
    BudoBoy07 - (Public) - 2 months ago

BudoBoy07
Personal Logs
+
Maisara Caverns+
Last Run - +22 [Fortified] [Tyrannical] [Xal'atath's Guile] (31:23) 5:10 PM

    + Bosses and Trash
        Bosses and Trash
        Bosses
        Trash
        Muro'jin and Nekraxx
        Vordaza
        Rak'tul, Vessel of Souls
        Pull 1 (0:52) +0:09
        Dread Souleater
        Pull 2 (3:42) +1:16
        Hulking Juggernaut
        Pull 3 (0:51) +5:12
        Hex Guardian
        Pull 4 (3:57) +6:12
        Muro'jin and Nekraxx
        Pull 5 (2:37) +10:41
        Rokh'zal
        Pull 6 (6:34) +13:21
        Restless Gnarldin
        Pull 7 (3:53) +19:56
        Vordaza
        Pull 8 (2:23) +24:07
        Bound Defender
        Pull 9 (4:06) +26:31
        Rak'tul, Vessel of Souls
        Pull 10 (0:29) +30:46
        Gloomwing Bat

Entire Dungeon

    + All Friendlies
        +Valacircà
            +Abomination
                1

                2

                3

                4

                5

                6

                7

                8

                9

                10
                11

                12

                13

                14

                15

                16

                17

                18

            ID: 149555
            +High Inquisitor Whitemane
                1

                2

                3

                4

                5

                6

                7

                8

                9

                10
                11

                12

                13

                14

                15

                16

                17

                18

                19

                20
                21

                22

                23

                24

                25

                26

                27

                28

                29

                30
                31

                32

                33

                34

                35

                36

                37

                38

                39

                40
                41

                42

                43

                44

                45

                46

                47

                48

                49

                50

            ID: 221633
            +Highlord Darion Mograine
                1

                2

                3

                4

                5

                6

                7

                8

                9

                10
                11

                12

                13

                14

                15

                16

                17

                18

                19

                20
                21

                22

                23

                24

                25

                26

                27

                28

                29

                30
                31

                32

                33

                34

                35

                36

                37

                38

                39

                40
                41

                42

            ID: 221632
            +King Thoras Trollbane
                1

                2

                3

                4

                5

                6

                7

                8

                9

                10
                11

                12

                13

                14

                15

                16

                17

                18

                19

                20
                21

                22

                23

                24

                25

                26

                27

                28

                29

                30
                31

                32

                33

                34

                35

                36

                37

                38

                39

            ID: 221635
            +Lesser Ghoul
                1

                2

                3

                4

                5

                6

                7

                8

                9

                10
                11

                12

                13

                14

                15

                16

                17

                18

                19

                20
                21

                22

                23

                24

                25

                26

                27

                28

                29

                30
                31

                32

                33

                34

                35

                36

                37

                38

                39

                40
                41

                42

                43

                44

                45

                46

                47

                48

                49

                50
                51

                52

                53

                54

                55

                56

                57

                58

                59

                60
                61

                62

                63

                64

                65

                66

                67

                68

                69

                70
                71

                72

                73

                74

                75

                76

                77

                78

                79

                80
                81

                82

                83

                84

                85

                86

                87

                88

                89

                90
                91

                92

                93

                94

                95

                96

                97

                98

                99

                100
                101

                102

                103

                104

                105

                106

                107

                108

                109

                110
                111

                112

                113

                114

                115

                116

                117

                118

                119

                120
                121

                122

                123

                124

                125

                126

                127

                128

                129

                130
                131

                132

                133

                134

                135

                136

                137

                138

                139

                140
                141

                142

                143

                144

                145

                146

                147

                148

                149

                150
                151

                152

                153

                154

                155

                156

                157

                158

                159

                160
                161

                162

                163

                164

                165

                166

                167

                168

                169

                170
                171

                172

                173

                174

                175

                176

                177

                178

                179

                180
                181

                182

                183

                184

                185

                186

                187

                188

                189

                190
                191

                192

                193

                194

                195

                196

                197

                198

                199

                200
                201

                202

                203

                204

                205

                206

                207

                208

                209

                210
                211

                212

                213

                214

                215

                216

                217

                218

                219

                220
                221

                222

                223

                224

                225

                226

                227

                228

                229

                230
                231

                232

                233

                234

                235

                236

                237

                238

                239

                240
                241

                242

                243

                244

                245

                246

                247

                248

                249

                250
                251

                252

                253

                254

                255

                256

                257

                258

                259

                260
                261

                262

                263

                264

                265

                266

                267

                268

                269

                270
                271

                272

                273

                274

                275

                276

                277

                278

                279

                280
                281

                282

                283

                284

                285

                286

                287

                288

                289

                290
                291

                292

                293

                294

                295

                296

                297

                298

                299

                300
                301

                302

                303

                304

                305

                306

                307

                308

                309

                310
                311

                312

                313

                314

                315

                316

                317

                318

                319

                320
                321

                322

                323

                324

                325

                326

                327

                328

                329

                330
                331

                332

                333

                334

                335

                336

                337

                338

                339

                340
                341

                342

                343

                344

                345

                346

                347

                348

                349

                350
                351

                352

                353

                354

                355

                356

                357

                358

                359

                360
                361

                362

                363

                364

                365

                366

                367

                368

                369

                370
                371

                372

                373

                374

                375

                376

                377

                378

                379

                380
                381

                382

                383

                384

                385

                386

                387

                388

                389

                390
                391

                392

                393

                394

                395

                396

                397

                398

                399

                400
                401

                402

                403

                404

                405

                406

                407

                408

                409

                410
                411

                412

                413

                414

                415

                416

                417

                418

                419

                420
                421

                422

                423

                424

                425

                426

                427

                428

                429

                430
                431

                432

                433

                434

                435

                436

                437

                438

                439

                440
                441

                442

                443

                444

                445

                446

                447

                448

                449

                450
                451

                452

                453

                454

                455

                456

                457

                458

                459

                460
                461

                462

                463

                464

                465

                466

                467

                468

                469

                470
                471

                472

                473

                474

                475

                476

                477

                478

                479

                480
                481

                482

                483

                484

                485

                486

                487

                488

                489

                490
                491

                492

                493

                494

                495

                496

                497

                498

                499

                500
                501

                502

                503

                504

                505

                506

                507

                508

                509

                510
                511

                512

                513

                514

                515

                516

                517

                518

                519

                520
                521

                522

                523

                524

                525

                526

                527

                528

                529

                530
                531

                532

                533

                534

                535

                536

                537

                538

                539

                540
                541

                542

                543

                544

                545

                546

                547

                548

                549

                550
                551

                552

                553

                554

                555

                556

                557

                558

                559

                560
                561

                562

                563

                564

                565

                566

                567

                568

                569

                570
                571

                572

                573

                574

                575

                576

                577

                578

                579

                580
                581

                582

                583

                584

                585

                586

                587

                588

                589

                590
                591

                592

                593

                594

                595

                596

                597

                598

                599

                600
                601

                602

                603

                604

                605

                606

                607

                608

                609

                610
                611

                612

                613

                614

                615

                616

                617

                618

                619

                620
                621

                622

                623

                624

                625

                626

                627

                628

                629

                630
                631

                632

                633

                634

                635

                636

                637

                638

                639

                640
                641

                642

                643

                644

                645

                646

                647

                648

                649

                650
                651

                652

                653

                654

                655

                656

                657

                658

                659

                660
                661

                662

                663

                664

                665

                666

                667

                668

                669

                670
                671

                672

                673

                674

                675

                676

                677

                678

                679

                680
                681

                682

                683

                684

                685

                686

                687

                688

                689

                690
                691

                692

                693

                694

                695

                696

                697

                698

                699

                700
                701

                702

                703

                704

                705

                706

                707

                708

                709

                710
                711

                712

                713

                714

                715

                716

                717

                718

                719

                720
                721

                722

                723

                724

                725

                726

                727

                728

                729

                730
                731

                732

                733

                734

                735

                736

                737

                738

                739

                740
                741

                742

                743

                744

                745

                746

                747

                748

                749

                750
                751

                752

                753

                754

                755

                756

                757

                758

                759

                760
                761

                762

                763

                764

                765

                766

                767

                768

                769

                770
                771

                772

                773

                774

                775

                776

                777

                778

                779

                780
                781

                782

                783

                784

                785

                786

                787

                788

                789

                790
                791

                792

                793

                794

                795

                796

                797

                798

                799

                800
                801

                802

                803

                804

                805

                806

                807

                808

                809

                810
                811

                812

                813

                814

                815

                816

                817

                818

                819

                820
                821

                822

                823

                824

                825

                826

                827

                828

                829

                830
                831

                832

                833

                834

                835

                836

                837

                838

                839

                840
                841

                842

                843

                844

                845

                846

                847

                848

                849

                850
                851

                852

                853

                854

                855

                856

                857

                858

                859

                860
                861

                862

                863

                864

                865

                866

                867

                868

                869

                870
                871

                872

                873

                874

                875

                876

                877

                878

                879

                880
                881

                882

                883

                884

                885

                886

                887

                888

                889

                890
                891

                892

                893

                894

                895

                896

                897

                898

                899

                900
                901

                902

                903

                904

                905

                906

                907

                908

                909

                910
                911

                912

                913

                914

                915

                916

                917

                918

                919

                920
                921

                922

                923

                924

                925

                926

                927

                928

                929

                930
                931

                932

                933

                934

                935

                936

                937

                938

                939

                940
                941

                942

                943

                944

                945

                946

                947

                948

                949

                950
                951

                952

                953

                954

                955

                956

                957

                958

                959

                960
                961

                962

                963

                964

                965

                966

                967

                968

                969

                970
                971

                972

                973

                974

                975

                976

                977

                978

                979

                980
                981

                982

                983

                984

                985

                986

                987

                988

                989

                990
                991

            ID: 237409
            +Lesser Ghoul
                1

                2

                3

                4

                5

                6

                7

                8

                9

                10
                11

                12

                13

                14

                15

                16

                17

                18

                19

                20
                21

                22

                23

                24

                25

                26

                27

                28

                29

                30
                31

                32

                33

                34

                35

                36

                37

                38

                39

                40
                41

                42

                43

                44

                45

                46

                47

                48

                49

                50
                51

                52

                53

                54

                55

                56

                57

                58

                59

                60
                61

                62

                63

                64

                65

                66

                67

                68

                69

                70
                71

                72

                73

                74

                75

                76

                77

                78

                79

                80
                81

                82

                83

                84

                85

                86

                87

                88

                89

                90
                91

                92

                93

                94

                95

                96

                97

                98

                99

                100
                101

                102

                103

                104

                105

                106

                107

                108

                109

                110
                111

                112

                113

                114

                115

                116

                117

                118

                119

                120
                121

                122

                123

                124

                125

                126

                127

                128

                129

                130
                131

                132

                133

                134

                135

                136

                137

                138

                139

                140
                141

                142

                143

                144

                145

                146

                147

                148

                149

                150
                151

                152

                153

                154

                155

                156

                157

                158

                159

                160
                161

                162

                163

                164

                165

                166

                167

                168

                169

                170
                171

                172

                173

                174

                175

                176

                177

                178

                179

                180
                181

                182

                183

                184

                185

                186

                187

                188

                189

                190
                191

                192

                193

                194

                195

                196

                197

                198

                199

                200
                201

                202

                203

                204

                205

                206

                207

                208

                209

                210
                211

                212

                213

                214

                215

                216

                217

                218

                219

                220
                221

                222

                223

                224

                225

                226

                227

                228

                229

                230
                231

                232

                233

                234

                235

                236

                237

                238

                239

                240
                241

                242

                243

                244

                245

                246

                247

                248

                249

                250
                251

                252

                253

                254

            ID: 258578
            +Magus of the Dead
                1

                2

                3

                4

                5

                6

                7

                8

                9

                10
                11

                12

                13

                14

                15

                16

                17

                18

                19

                20
                21

                22

                23

                24

                25

                26

                27

                28

                29

                30
                31

                32

                33

                34

                35

                36

                37

                38

                39

                40
                41

                42

                43

                44

                45

                46

                47

                48

                49

                50
                51

                52

                53

                54

                55

                56

                57

                58

                59

                60
                61

                62

                63

                64

                65

                66

                67

                68

                69

                70
                71

                72

                73

                74

                75

                76

                77

                78

                79

                80
                81

                82

                83

                84

                85

                86

                87

                88

                89

                90
                91

                92

                93

                94

                95

                96

                97

                98

                99

                100
                101

                102

                103

                104

                105

                106

                107

                108

                109

                110
                111

                112

                113

                114

                115

                116

                117

                118

                119

                120
                121

                122

                123

                124

                125

                126

                127

                128

                129

                130
                131

                132

                133

                134

                135

                136

                137

                138

                139

                140
                141

                142

                143

                144

                145

                146

                147

                148

                149

                150
                151

                152

                153

                154

                155

                156

                157

                158

                159

                160
                161

                162

                163

                164

                165

                166

                167

                168

                169

                170
                171

                172

                173

                174

                175

                176

                177

                178

                179

                180
                181

                182

                183

                184

                185

                186

                187

                188

                189

                190
                191

                192

                193

                194

                195

                196

                197

                198

                199

                200
                201

                202

                203

                204

                205

                206

                207

                208

                209

                210
                211

                212

                213

                214

                215

                216

                217

                218

                219

                220
                221

                222

                223

                224

                225

                226

                227

                228

                229

                230
                231

                232

                233

                234

                235

                236

                237

                238

                239

                240
                241

                242

                243

                244

                245

                246

                247

                248

                249

                250
                251

                252

                253

                254

                255

                256

                257

                258

                259

                260
                261

                262

                263

                264

                265

                266

                267

                268

                269

                270
                271

                272

                273

                274

                275

                276

                277

                278

                279

                280
                281

                282

                283

                284

                285

                286

                287

                288

                289

                290
                291

                292

                293

                294

                295

                296

                297

                298

                299

                300
                301

                302

                303

                304

                305

                306

                307

                308

                309

                310
                311

                312

                313

                314

                315

                316

                317

                318

                319

                320
                321

                322

                323

                324

                325

                326

                327

                328

                329

                330
                331

                332

                333

                334

                335

                336

                337

                338

                339

                340
                341

                342

                343

                344

                345

                346

                347

                348

                349

                350
                351

                352

                353

                354

                355

                356

                357

                358

                359

                360
                361

                362

                363

                364

                365

                366

                367

                368

                369

                370
                371

                372

                373

                374

                375

                376

                377

                378

                379

                380
                381

                382

                383

                384

                385

                386

                387

                388

                389

                390
                391

                392

                393

                394

                395

                396

                397

                398

                399

                400
                401

                402

                403

                404

                405

                406

                407

                408

                409

                410
                411

                412

                413

                414

            ID: 163366
            +Nazgrim
                1

                2

                3

                4

                5

                6

                7

                8

                9

                10
                11

                12

                13

                14

                15

                16

                17

                18

                19

                20
                21

                22

                23

                24

                25

                26

                27

                28

                29

                30
                31

                32

                33

                34

                35

                36

                37

                38

                39

                40

            ID: 221634
            Wormcaller
        Posometa
        +Bodljica
            +Dread Shade
                1

                2

                3

                4

                5

                6

                7

                8

                9

                10
                11

                12

                13

                14

                15

                16

                17

                18

                19

                20
                21

                22

                23

                24

                25

                26

                27

                28

                29

                30
                31

                32

                33

                34

                35

                36

                37

                38

                39

                40
                41

                42

                43

                44

                45

                46

                47

                48

                49

                50
                51

            ID: 251422
        +Powerpegging
            +Dracthyr Commando
                1

                2

                3

                4

                5

                6

                7

                8

                9

                10
                11

                12

                13

                14

                15

                16

                17

                18

                19

                20
                21

                22

                23

                24

                25

                26

                27

                28

                29

                30
                31

                32

                33

                34

                35

                36

                37

                38

                39

                40
                41

                42

                43

                44

                45

                46

                47

                48

                49

                50
                51

                52

            ID: 219827
            +Future Self
                1

                2

                3

                4

                5

                6

                7

                8

                9

                10
                11

                12

                13

                14

                15

                16

                17

                18

                19

                20
                21

                22

                23

                24

                25

                26

                27

            ID: 253466
        +Nàiro
            +Chi-Ji
                1

                2

                3

                4

                5

                6

            ID: 166949
            +Jade Serpent Statue
                1

                2

                3

                4

                5

                6

                7

                8

                9

                10
                11

                12

                13

                14

                15

                16

                17

                18

                19

                20
                21

                22

                23

                24

                25

                26

                27

                28

                29

                30
                31

                32

                33

                34

                35

                36

                37

                38

                39

                40
                41

                42

                43

                44

                45

                46

                47

                48

                49

                50
                51

                52

                53

                54

                55

                56

                57

                58

                59

            ID: 60849
        +Lesser Ghoul
            1

            2

            3

            4

            5

            6

            7

            8

            9

            10
            11

            12

            13

            14

            15

            16

            17

            18

            19

            20
            21

            22

            23

            24

            25

            26

            27

            28

            29

            30
            31

            32

            33

            34

            35

            36

            37

            38

            39

            40
            41

            42

            43

            44

            45

            46

            47

            48

            49

            50
            51

            52

            53

            54

            55

            56

            57

            58

            59

            60
            61

            62

            63

            64

            65

            66

            67

            68

            69

            70
            71

            72

            73

            74

            75

            76

            77

            78

            79

            80
            81

            82

            83

            84

            85

            86

            87

            88

            89

            90
            91

            92

            93

            94

            95

            96

            97

            98

            99

            100
            101

            102

            103

            104

            105

            106

            107

            108

            109

            110
            111

            112

            113

            114

            115

            116

            117

            118

            119

            120
            121

            122

            123

            124

            125

            126

            127

            128

            129

            130
            131

            132

            133

            134

            135

            136

            137

            138

            139

            140
            141

            142

            143

            144

            145

            146

            147

            148

            149

            150
            151

            152

            153

            154

            155

            156

            157

            158

            159

            160
            161

            162

            163

            164

            165

            166

            167

            168

            169

            170
            171

            172

            173

            174

            175

            176

            177

            178

            179

            180
            181

            182

            183

            184

            185

            186

            187

            188

            189

            190
            191

            192

            193

            194

            195

            196

            197

            198

            199

            200
            201

            202

            203

            204

            205

            206

            207

            208

            209

            210
            211

            212

            213

            214

            215

            216

            217

            218

            219

            220
            221

            222

            223

            224

            225

            226

            227

            228

            229

            230
            231

            232

            233

            234

            235

            236

            237

            238

            239

            240
            241

            242

            243

            244

            245

            246

            247

            248

            249

            250
            251

            252

            253

            254

        ID: 258578






Friendlies Enemies
Summary
Damage Done
Damage Taken
Healing
Threat
Buffs
Debuffs
Deaths
Interrupts
Dispels
Resources
Casts

    +Ignore Events After Player Deaths
        Ignore Events After Player Deaths
        Ignore Events After A Called Wipe

Filter Expression:

    +
        Heroism
        Downtime
        Player Deaths
        Player Resurrections
        Boss Deaths
        NPC Deaths
        Show All Entries
        Hide All Entries

ZoomPer Second AmountDamage DoneDamage TakenHealing Done00:0005:0010:0015:0020:0025:0030:000k500k1,000k1,500k2,000k2,500k
Group Composition Item Level: 290.00
Tanks:	Bodljica
DPS:	Valacircà Posometa Powerpegging
Healers:	Nàiro
Damage Done By Source
Name

Amount

DPS

Valacircà
27.70%
443.87m 	236,521.8
Posometa
25.47%
408.11m 	217,465.9
Powerpegging
25.20%
403.82m 	215,181.8
Bodljica
15.19%
243.48m 	129,743.3
Nàiro
6.44%
103.18m 	54,980.4
Healing Done By Source
Name

Amount

HPS

Nàiro
49.41%
209.74m 	111,760.1
Bodljica
39.11%
166.00m 	88,453.3
Posometa
4.58%
19.42m 	10,350.4
Powerpegging
4.23%
17.97m 	9,574.3
Valacircà
2.67%
11.34m 	6,042.7
Damage Taken By Ability
Name

Amount

DTPS

Melee
34.91%
144.95m 	77,238.3
Spectral Strikes
11.68%
48.47m 	25,828.9
Withering Miasma
8.56%
35.55m 	18,945.3
Deathgorged Vessel
6.20%
25.73m 	13,710.2
Grim Ward
4.35%
18.05m 	9,618.5
Lingering Dread
2.95%
12.24m 	6,519.9
Infected Pinions
2.83%
11.74m 	6,253.9
Searing Presence
2.06%
8.56m 	4,562.8
Dread Slash
2.00%
8.31m 	4,426.2
Spirit Rend
1.84%
7.63m 	4,066.4
Open Wound
1.68%
7.00m 	3,727.5
Necrotic Convergence
1.50%
6.24m 	3,327.7
Ritual Drums
1.48%
6.16m 	3,280.0
Barrage
1.44%
5.99m 	3,190.8
Withering Soul
1.40%
5.81m 	3,096.8
Crunch Armor
1.34%
5.57m 	2,968.2
Soulbind
1.32%
5.49m 	2,927.4
Necrotic Wave
1.18%
4.88m 	2,600.9
Soulstorms
1.06%
4.42m 	2,353.6
Drain Soul
1.01%
4.20m 	2,235.8
Sear
0.96%
3.97m 	2,113.0
Piercing Screech
0.95%
3.95m 	2,106.8
Rending Gore
0.86%
3.59m 	1,911.4
Deafening Roar
0.63%
2.64m 	1,404.5
Spiritbreaker
0.59%
2.44m 	1,300.5
Stretch Time
0.54%
2.25m 	1,200.9
Spiritbreaker
0.53%
2.20m 	1,169.9
Spectral Decay
0.44%
1.84m 	979.3
Final Pursuit
0.40%
1.68m 	893.3
Cries of the Fallen
0.38%
1.60m 	851.0
Flanking Spear
0.36%
1.48m 	786.9
Shadow Bolt
0.31%
1.30m 	690.2
Throw Spear
0.31%
1.28m 	679.5
Frost Nova
0.30%
1.25m 	663.9
Coalesced Death
0.26%
1.10m 	585.9
Diseased Claws
0.25%
1.05m 	561.3
Falling
0.23%
958.2k 	510.6
Staggering Blow
0.21%
878.5k 	468.1
Shredding Talons
0.16%
644.2k 	343.3
Magma Surge
0.13%
551.4k 	293.8
Shrink
0.10%
409.9k 	218.4
Crush Souls
0.09%
363.8k 	193.9
Volatile Essence
0.08%
321.8k 	171.5
Cries of the Fallen
0.07%
273.3k 	145.6
Ritual Sacrifice
0.05%
199.0k 	106.0
Deaths
Name

Killing Blow

Time

Posometa 	Final Pursuit 	21:55
Characters
Tanks

Class Talents

Spec Talents

Gear

Combat Potions

Healthstones & Potions
Bodljica
Druid (Guardian)
289 Item Level
Rake
Frenzied Regeneration
Ursoc's Spirit
Grievous Wounds
Swipe
Remove Corruption
Verdant Heart
Nurturing Instinct 2
Killer Instinct 2
Ironfur
Improved Barkskin
Natural Recovery
Thick Hide
Skull Bash
Wild Charge
Soothe
Aessina's Renewal
Typhoon
Stampeding Roar
Well-Honed Instincts
Feline Swiftness
Matted Fur 2
Ursol's Vortex
Lycara's Teachings 2
Gift of the Wild
Oakskin
Lore of the Grove
Improved Stampeding Roar
Incapacitating Roar
Forestwalk 2
Circle of the Wild
Heart of the Wild

Maul
Gore
Survival Instincts
Persistence
Dream Guide
Vulnerable Flesh
Berserk
Innate Resolve
After the Wildfire
Survival of the Fittest 2
Scintillating Moonlight 2
Reinvigoration 1
Ursol's Warding
Natural Resilience
Reinforced Fur
Gift of an Ancient Guardian
Ursoc's Endurance
Rend and Tear
Lunar Beam
Fury of Nature 2
Blood Frenzy
Twin Moonfire
Flashing Claws 2
Ursoc's Fury
Elune's Favored
Incarnation: Guardian of Ursoc
Ursoc's Guidance
Galactic Guardian
Sundering Roar
Waking Nightmare
		6 	1
DPS

Class Talents

Spec Talents

Gear

Combat Potions

Healthstones & Potions
Valacircà
Death Knight (Unholy)
290 Item Level
Death Strike
Icebound Fortitude
Raise Dead
Runic Attenuation
Improved Death Strike
Cleaving Strikes
Gloom Ward 2
Unholy Momentum 2
Mind Freeze
Enfeeble
Blinding Sleet
Brittle
Veteran of the Third War
Death Pact
Coldthirst
Anti-Magic Zone
Unholy Bond
Icy Talons
Anti-Magic Barrier
Assimilation
Death's Reach
Grip of the Dead
Unholy Endurance
Suppression
Insidious Chill
Runic Protection
Blood Draw
Will of the Necropolis 2
Rune Mastery 2
Death's Echo
Null Magic

Outbreak
Scourge Strike
Sudden Doom
Dark Transformation
Putrefy
Clawing Shadows
Foul Infections
Grave Mastery
Necromancer's Cunning
Magus of the Dead
Soul Reaper
Festering Scythe
Ebon Fever
Army of the Dead
Menacing Magus
Reaping
Cycle of Death
Ghoulish Frenzy
Raise Abomination
Harbinger of Doom
Unholy Devotion
Doomed Bidding
Blightburst
Putrid Echoes
Commander of the Dead 2
Unholy Aura 2
Outnumber
Reanimation
Forbidden Knowledge 1
Forbidden Knowledge 2
Forbidden Knowledge 1
		5 	1
Posometa
Demon Hunter (Devourer)
291 Item Level
Vengeful Retreat
Sigil of Misery
Voidblade
Unrestrained Fury
Shattered Restoration
Bouncing Glaives
Imprison
Improved Disrupt
Consume Magic
Void Nova
Aura of Pain
Disrupting Fury
Swallowed Anger
Blazing Path
Focused Ire
Soul Rending 2
Pursuit
Burn It Out
Illidari Knowledge 2
Will of the Illidari 2
Guile
Remorseless
Internal Struggle
First In, Last Out
Furious
Demon Muzzle
Soul Splitter 2
Darkness
Final Breath
Pitch Black
Demonic Resilience

Void Ray
Soul Immolation
Predator's Thirst
Void Metamorphosis
Feast of Souls
Tempered Soul
Collapsing Star
Moment of Craving
Soulshaper
Waste Not
Entropy
Sweet Suffering 2
Sweet Release 2
Improved Consume
Voidpurge
Focused Ray
Voidrage 2
Devourer's Edge 2
Demonic Instinct 2
Rolling Torment
Impending Apocalypse
Calamitous
Star Fragments
Eradicate
Emptiness
Midnight 1
Midnight 2
Midnight 1
		6 	3
Powerpegging
Evoker (Augmentation)
291 Item Level
Expunge
Obsidian Scales
Landslide
Natural Convergence
Verdant Embrace
Heavy Wingbeats
Obsidian Bulwark
Innate Magic 2
Cauterizing Flame
Inner Radiance
Clobbering Sweep
Attuned to the Dream 2
Sleep Walk
Instinctive Arcana 2
Tip the Scales
Draconic Legacy
Extended Flight 2
Inherent Resistance 2
Blast Furnace
Panacea
Renewing Blaze
Rescue
Stretch Time
Source of Magic
Foci of Life
Leaping Flames
Aerial Mastery
Potent Mana
Terror of the Skies
Zephyr
Spatial Paradox

Ebon Might
Eruption
Essence Burst
Ricocheting Pyroclast
Essence Attunement
Pupil of Alexstrasza
Quell
Upheaval
Defy Fate
Breath of Eons
Power Nexus
Volcanism
Bestow Weyrnstone
Ignition Rush
Chrono Ward
Draconic Attunements
Prescience
Tectonic Locus
Momentum Shift
Fate Mirror
Hoarded Power
Anachronism
Inferno's Blessing
Accretion
Time Skip
Imminent Destruction
Rumbling Earth
Plot the Future
Interwoven Threads
Mighty Inferno
Duplicate 1
Duplicate 2
Duplicate 1
		7 	0
Healers

Class Talents

Spec Talents

Gear

Combat Potions

Healthstones & Potions
Nàiro
Monk (Mistweaver)
289 Item Level
Soothing Mist
Paralysis
Rising Sun Kick
Elusive Mists
Tiger's Lust
Fast Feet
Improved Detox
Grace of the Crane
Calming Presence
Bounding Agility
Vivacious Vivification
Chi Warding
Ancient Arts 2
Transcendence
Celerity
Chi Wave
Ring of Peace
Ferocity of Xuen 2
Tiger Tail Sweep
Dance of the Wind
Yu'lon's Grace
Fortifying Brew
Mist Caller
Save Them All
Jade Infusion
Expeditious Fortification
Vital Clarity
Chi Proficiency 2
Martial Instincts 2
Lighter Than Air
Flow of Chi
Fatal Touch

Enveloping Mist
Misty Coalescence
Thunder Focus Tea
Life Cocoon
Invigorating Mists
Mana Tea
Crane Style
Revival
Healing Elixir
Calming Coalescence
Way of the Crane
Energizing Brew
Rapid Diffusion 2
Mists of Life
Invoke Chi-Ji, the Red Crane
Mist Wrap
Lotus Infusion
Celestial Harmony
Chrysalis
Jade Bond
Focused Thunder
Pool of Mists
Sheilun's Gift
Morning Breeze
Secret Infusion 2
Jadefire Teachings
Veil of Pride
Rising Mist
Mistline
Emperor's Elixir
Dance of Chi-Ji
Legacy of Wisdom
		3 	0
Warcraft Logs Logo
HEY THERE.We all want Warcraft Logs to remain free.
We work hard to offer you the best possible experience.
Help us by disabling your Adblock or supporting us on Patreon.
Guild logo
Warcraft Logs
Contact Us
-
Privacy Policy
-
Video Terms of Service
-
Careers
twitter's Icon Logo
discord's Icon Logo
patreon's Icon Logo
Latest Article
Archon App: Cloud Video Released!
4 days ago
Resources
Forums
Subscribe
Help and Info
Brand
Our Websites
Archon
WoW Retail
WoW Classic
WoW SoD
WoW Classic Fresh
WoW Vanilla
Final Fantasy XIV
Elder Scrolls Online
SWTOR
Latest Raid
Statistics
Rankings
Progress
All Reports
Our Tools
Download App
WoWAnalyzer
Wipefest
Recruitment
© 2013-2026 Warcraft Logs
