

    Midnight
    Mists of Pandaria
    Classic Fresh
    Season of Discovery
    Vanilla

Warcraft Logs
Enter a player, guild, or realm
Enter a player, guild, or realm
Search
101
Download Archon App

    Deutsch
    English
    Español
    Français
    Italiano
    Português (Brasil)
    Русский
    한국어
    繁體中文
    简体中文

Mythic+ Season 1
Created by BudoBoy07 on Thu May 21 2026

    Edit Report
    Delete Report
    Make Private
    View in Anonymous Mode

Settings
+

    VS / DR / MQD
    BudoBoy07 - (Public) - 24 minutes ago
    Mythic+ Season 1
    BudoBoy07 - (Public) - 24 minutes ago
    Sporefall
    BudoBoy07 - (Public) - 2 months ago
    Sporefall
    BudoBoy07 - (Public) - 2 months ago

BudoBoy07
Personal Logs
+
Windrunner Spire+
+21 [Fortified] [Tyrannical] [Xal'atath's Guile] (34:10) 3:21 PM

    + Bosses and Trash
        Bosses and Trash
        Bosses
        Trash
        Derelict Duo
        Commander Kroluk
        Emberdawn
        Restless Heart
        Pull 1 (0:54) +0:15
        Spellguard Magus
        Pull 2 (5:32) +1:19
        Bloated Lasher
        Pull 3 (3:38) +6:51
        Emberdawn
        Pull 4 (4:18) +10:59
        Flesh Behemoth
        Pull 5 (4:01) +15:20
        Derelict Duo
        Pull 6 (1:19) +19:43
        Phalanx Breaker
        Pull 7 (2:18) +21:08
        Phantasmal Mystic
        Pull 8 (4:31) +23:33
        Commander Kroluk
        Pull 9 (4:29) +28:34
        Restless Heart

Entire Dungeon

    + All Friendlies
        +Bingling
            +Abomination
                1

                2

                3

                4

                5

                6

                7

                8

                9

                10
                11

                12

                13

                14

                15

                16

                17

                18

                19

            ID: 149555
            Carrionripper
            +High Inquisitor Whitemane
                1

                2

                3

                4

                5

                6

                7

                8

                9

                10
                11

                12

                13

                14

                15

                16

                17

                18

                19

                20
                21

                22

                23

                24

                25

                26

                27

                28

                29

                30
                31

                32

                33

                34

                35

                36

                37

                38

                39

                40
                41

                42

                43

                44

                45

                46

                47

                48

                49

                50
                51

                52

                53

                54

                55

                56

                57

                58

                59

                60

            ID: 221633
            +Highlord Darion Mograine
                1

                2

                3

                4

                5

                6

                7

                8

                9

                10
                11

                12

                13

                14

                15

                16

                17

                18

                19

                20
                21

                22

                23

                24

                25

                26

                27

                28

                29

                30
                31

                32

                33

                34

                35

                36

                37

                38

                39

                40
                41

                42

                43

                44

                45

                46

                47

                48

                49

                50

            ID: 221632
            +King Thoras Trollbane
                1

                2

                3

                4

                5

                6

                7

                8

                9

                10
                11

                12

                13

                14

                15

                16

                17

                18

                19

                20
                21

                22

                23

                24

                25

                26

                27

                28

                29

                30
                31

                32

                33

                34

                35

                36

                37

                38

                39

                40
                41

                42

                43

                44

                45

                46

                47

                48

                49

            ID: 221635
            +Lesser Ghoul
                1

                2

                3

                4

                5

                6

                7

                8

                9

                10
                11

                12

                13

                14

                15

                16

                17

                18

                19

                20
                21

                22

                23

                24

                25

                26

                27

                28

                29

                30
                31

                32

                33

                34

                35

                36

                37

                38

                39

                40
                41

                42

                43

                44

                45

                46

                47

                48

                49

                50
                51

                52

                53

                54

                55

                56

                57

                58

                59

                60
                61

                62

                63

                64

                65

                66

                67

                68

                69

                70
                71

                72

                73

                74

                75

                76

                77

                78

                79

                80
                81

                82

                83

                84

                85

                86

                87

                88

                89

                90
                91

                92

                93

                94

                95

                96

                97

                98

                99

                100
                101

                102

                103

                104

                105

                106

                107

                108

                109

                110
                111

                112

                113

                114

                115

                116

                117

                118

                119

                120
                121

                122

                123

                124

                125

                126

                127

                128

                129

                130
                131

                132

                133

                134

                135

                136

                137

                138

                139

                140
                141

                142

                143

                144

                145

                146

                147

                148

                149

                150
                151

                152

                153

                154

                155

                156

                157

                158

                159

                160
                161

                162

                163

                164

                165

                166

                167

                168

                169

                170
                171

                172

                173

                174

                175

                176

                177

                178

                179

                180
                181

                182

                183

                184

                185

                186

                187

                188

                189

                190
                191

                192

                193

                194

                195

                196

                197

                198

                199

                200
                201

                202

                203

                204

                205

                206

                207

                208

                209

                210
                211

                212

                213

                214

                215

                216

                217

                218

                219

                220
                221

                222

                223

                224

                225

                226

                227

                228

                229

                230
                231

                232

                233

                234

                235

                236

                237

                238

                239

                240
                241

                242

                243

                244

                245

                246

                247

                248

                249

                250
                251

                252

                253

                254

                255

                256

                257

                258

                259

                260
                261

                262

                263

                264

                265

                266

                267

                268

                269

                270
                271

                272

                273

                274

                275

                276

                277

                278

                279

                280
                281

                282

                283

                284

                285

                286

                287

                288

                289

                290
                291

                292

                293

                294

                295

                296

                297

                298

                299

                300
                301

                302

                303

                304

                305

                306

                307

                308

                309

                310
                311

                312

                313

                314

                315

                316

                317

                318

                319

                320
                321

                322

                323

                324

                325

                326

                327

                328

                329

                330
                331

                332

                333

                334

                335

                336

                337

                338

                339

                340
                341

                342

                343

                344

                345

                346

                347

                348

                349

                350
                351

                352

                353

                354

                355

                356

                357

                358

                359

                360
                361

                362

                363

                364

                365

                366

                367

                368

                369

                370
                371

                372

                373

                374

                375

                376

                377

                378

                379

            ID: 258578
            +Lesser Ghoul
                1

                2

                3

                4

                5

                6

                7

                8

                9

                10
                11

                12

                13

                14

                15

                16

                17

                18

                19

                20
                21

                22

                23

                24

                25

                26

                27

                28

                29

                30
                31

                32

                33

                34

                35

                36

                37

                38

                39

                40
                41

                42

                43

                44

                45

                46

                47

                48

                49

                50
                51

                52

                53

                54

                55

                56

                57

                58

                59

                60
                61

                62

                63

                64

                65

                66

                67

                68

                69

                70
                71

                72

                73

                74

                75

                76

                77

                78

                79

                80
                81

                82

                83

                84

                85

                86

                87

                88

                89

                90
                91

                92

                93

                94

                95

                96

                97

                98

                99

                100
                101

                102

                103

                104

                105

                106

                107

                108

                109

                110
                111

                112

                113

                114

                115

                116

                117

                118

                119

                120
                121

                122

                123

                124

                125

                126

                127

                128

                129

                130
                131

                132

                133

                134

                135

                136

                137

                138

                139

                140
                141

                142

                143

                144

                145

                146

                147

                148

                149

                150
                151

                152

                153

                154

                155

                156

                157

                158

                159

                160
                161

                162

                163

                164

                165

                166

                167

                168

                169

                170
                171

                172

                173

                174

                175

                176

                177

                178

                179

                180
                181

                182

                183

                184

                185

                186

                187

                188

                189

                190
                191

                192

                193

                194

                195

                196

                197

                198

                199

                200
                201

                202

                203

                204

                205

                206

                207

                208

                209

                210
                211

                212

                213

                214

                215

                216

                217

                218

                219

                220
                221

                222

                223

                224

                225

                226

                227

                228

                229

                230
                231

                232

                233

                234

                235

                236

                237

                238

                239

                240
                241

                242

                243

                244

                245

                246

                247

                248

                249

                250
                251

                252

                253

                254

                255

                256

                257

                258

                259

                260
                261

                262

                263

                264

                265

                266

                267

                268

                269

                270
                271

                272

                273

                274

                275

                276

                277

                278

                279

                280
                281

                282

                283

                284

                285

                286

                287

                288

                289

                290
                291

                292

                293

                294

                295

                296

                297

                298

                299

                300
                301

                302

                303

                304

                305

                306

                307

                308

                309

                310
                311

                312

                313

                314

                315

                316

                317

                318

                319

                320
                321

                322

                323

                324

                325

                326

                327

                328

                329

                330
                331

                332

                333

                334

                335

                336

                337

                338

                339

                340
                341

                342

                343

                344

                345

                346

                347

                348

                349

                350
                351

                352

                353

                354

                355

                356

                357

                358

                359

                360
                361

                362

                363

                364

                365

                366

                367

                368

                369

                370
                371

                372

                373

                374

                375

                376

                377

                378

                379

                380
                381

                382

                383

                384

                385

                386

                387

                388

                389

                390
                391

                392

                393

                394

                395

                396

                397

                398

                399

                400
                401

                402

                403

                404

                405

                406

                407

                408

                409

                410
                411

                412

                413

                414

                415

                416

                417

                418

                419

                420
                421

                422

                423

                424

                425

                426

                427

                428

                429

                430
                431

                432

                433

                434

                435

                436

                437

                438

                439

                440
                441

                442

                443

                444

                445

                446

                447

                448

                449

                450
                451

                452

                453

                454

                455

                456

                457

                458

                459

                460
                461

                462

                463

                464

                465

                466

                467

                468

                469

                470
                471

                472

                473

                474

                475

                476

                477

                478

                479

                480
                481

                482

                483

                484

                485

                486

                487

                488

                489

                490
                491

                492

                493

                494

                495

                496

                497

                498

                499

                500
                501

                502

                503

                504

                505

                506

                507

                508

                509

                510
                511

                512

                513

                514

                515

                516

                517

                518

                519

                520
                521

                522

                523

                524

                525

                526

                527

                528

                529

                530
                531

                532

                533

                534

                535

                536

                537

                538

                539

                540
                541

                542

                543

                544

                545

                546

                547

                548

                549

                550
                551

                552

                553

                554

                555

                556

                557

                558

                559

                560
                561

                562

                563

                564

                565

                566

                567

                568

                569

                570
                571

                572

                573

                574

                575

                576

                577

                578

                579

                580
                581

                582

                583

                584

                585

                586

                587

                588

                589

                590
                591

                592

                593

                594

                595

                596

                597

                598

                599

                600
                601

                602

                603

                604

                605

                606

                607

                608

                609

                610
                611

                612

                613

                614

                615

                616

                617

                618

                619

                620
                621

                622

                623

                624

                625

                626

                627

                628

                629

                630
                631

                632

                633

                634

                635

                636

                637

                638

                639

                640
                641

                642

                643

                644

                645

                646

                647

                648

                649

                650
                651

                652

                653

                654

                655

                656

                657

                658

                659

                660
                661

                662

                663

                664

                665

                666

                667

                668

                669

                670
                671

                672

                673

                674

                675

                676

                677

                678

                679

                680
                681

                682

                683

                684

                685

                686

                687

                688

                689

                690
                691

                692

                693

                694

                695

                696

                697

                698

                699

                700
                701

                702

                703

                704

                705

                706

                707

                708

                709

                710
                711

                712

                713

                714

                715

                716

                717

                718

                719

                720
                721

                722

                723

                724

                725

                726

                727

                728

                729

                730
                731

                732

                733

                734

                735

                736

                737

                738

                739

                740
                741

                742

                743

                744

                745

                746

                747

                748

                749

                750
                751

                752

                753

                754

                755

                756

                757

                758

                759

                760
                761

                762

                763

                764

                765

                766

                767

                768

                769

                770
                771

                772

                773

                774

                775

                776

                777

                778

                779

                780
                781

                782

                783

                784

                785

                786

                787

                788

                789

                790
                791

                792

                793

                794

                795

                796

                797

                798

                799

                800
                801

                802

                803

                804

                805

                806

                807

                808

                809

                810
                811

                812

                813

                814

                815

                816

                817

                818

                819

                820
                821

                822

                823

                824

                825

                826

                827

                828

                829

                830
                831

                832

                833

                834

                835

                836

                837

                838

                839

                840
                841

                842

                843

                844

                845

                846

                847

                848

                849

                850
                851

                852

                853

                854

                855

                856

                857

                858

                859

                860
                861

                862

                863

                864

                865

                866

                867

                868

                869

                870
                871

                872

                873

                874

                875

                876

                877

                878

                879

                880
                881

                882

                883

                884

                885

                886

                887

                888

                889

                890
                891

                892

                893

                894

                895

                896

                897

                898

                899

                900
                901

                902

                903

                904

                905

                906

                907

                908

                909

                910
                911

                912

                913

                914

                915

                916

                917

                918

                919

                920
                921

                922

                923

                924

                925

                926

                927

                928

                929

                930
                931

                932

                933

                934

                935

                936

                937

                938

                939

                940
                941

                942

                943

                944

                945

                946

                947

                948

                949

                950
                951

                952

                953

                954

                955

                956

                957

                958

                959

                960
                961

                962

                963

                964

                965

                966

                967

                968

                969

                970
                971

                972

                973

                974

                975

                976

                977

                978

                979

                980
                981

                982

                983

                984

                985

                986

                987

                988

                989

                990
                991

                992

                993

                994

                995

                996

                997

                998

                999

                1000
                1001

                1002

                1003

                1004

                1005

                1006

                1007

                1008

                1009

                1010
                1011

                1012

                1013

                1014

                1015

                1016

                1017

                1018

                1019

                1020
                1021

                1022

                1023

                1024

                1025

                1026

                1027

                1028

                1029

                1030
                1031

                1032

                1033

                1034

                1035

                1036

                1037

                1038

                1039

                1040
                1041

                1042

                1043

                1044

                1045

                1046

                1047

                1048

                1049

                1050
                1051

                1052

                1053

                1054

                1055

                1056

                1057

                1058

                1059

                1060
                1061

                1062

                1063

                1064

                1065

                1066

                1067

                1068

                1069

                1070
                1071

                1072

                1073

                1074

                1075

                1076

                1077

                1078

                1079

                1080
                1081

                1082

                1083

                1084

                1085

                1086

                1087

                1088

                1089

                1090
                1091

                1092

                1093

                1094

                1095

                1096

                1097

                1098

                1099

                1100
                1101

                1102

                1103

                1104

                1105

                1106

                1107

                1108

                1109

                1110
                1111

                1112

                1113

                1114

                1115

                1116

                1117

                1118

                1119

                1120
                1121

                1122

                1123

                1124

                1125

                1126

                1127

                1128

                1129

                1130
                1131

                1132

                1133

                1134

                1135

                1136

                1137

                1138

                1139

                1140
                1141

                1142

                1143

                1144

                1145

                1146

                1147

                1148

                1149

                1150
                1151

            ID: 237409
            +Magus of the Dead
                1

                2

                3

                4

                5

                6

                7

                8

                9

                10
                11

                12

                13

                14

                15

                16

                17

                18

                19

                20
                21

                22

                23

                24

                25

                26

                27

                28

                29

                30
                31

                32

                33

                34

                35

                36

                37

                38

                39

                40
                41

                42

                43

                44

                45

                46

                47

                48

                49

                50
                51

                52

                53

                54

                55

                56

                57

                58

                59

                60
                61

                62

                63

                64

                65

                66

                67

                68

                69

                70
                71

                72

                73

                74

                75

                76

                77

                78

                79

                80
                81

                82

                83

                84

                85

                86

                87

                88

                89

                90
                91

                92

                93

                94

                95

                96

                97

                98

                99

                100
                101

                102

                103

                104

                105

                106

                107

                108

                109

                110
                111

                112

                113

                114

                115

                116

                117

                118

                119

                120
                121

                122

                123

                124

                125

                126

                127

                128

                129

                130
                131

                132

                133

                134

                135

                136

                137

                138

                139

                140
                141

                142

                143

                144

                145

                146

                147

                148

                149

                150
                151

                152

                153

                154

                155

                156

                157

                158

                159

                160
                161

                162

                163

                164

                165

                166

                167

                168

                169

                170
                171

                172

                173

                174

                175

                176

                177

                178

                179

                180
                181

                182

                183

                184

                185

                186

                187

                188

                189

                190
                191

                192

                193

                194

                195

                196

                197

                198

                199

                200
                201

                202

                203

                204

                205

                206

                207

                208

                209

                210
                211

                212

                213

                214

                215

                216

                217

                218

                219

                220
                221

                222

                223

                224

                225

                226

                227

                228

                229

                230
                231

                232

                233

                234

                235

                236

                237

                238

                239

                240
                241

                242

                243

                244

                245

                246

                247

                248

                249

                250
                251

                252

                253

                254

                255

                256

                257

                258

                259

                260
                261

                262

                263

                264

                265

                266

                267

                268

                269

                270
                271

                272

                273

                274

                275

                276

                277

                278

                279

                280
                281

                282

                283

                284

                285

                286

                287

                288

                289

                290
                291

                292

                293

                294

                295

                296

                297

                298

                299

                300
                301

                302

                303

                304

                305

                306

                307

                308

                309

                310
                311

                312

                313

                314

                315

                316

                317

                318

                319

                320
                321

                322

                323

                324

                325

                326

                327

                328

                329

                330
                331

                332

                333

                334

                335

                336

                337

                338

                339

                340
                341

                342

                343

                344

                345

                346

                347

                348

                349

                350
                351

                352

                353

                354

                355

                356

                357

                358

                359

                360
                361

                362

                363

                364

                365

                366

                367

                368

                369

                370
                371

                372

                373

                374

                375

                376

                377

                378

                379

                380
                381

                382

                383

                384

                385

                386

                387

                388

                389

                390
                391

                392

                393

                394

                395

                396

                397

                398

                399

                400
                401

                402

                403

                404

                405

                406

                407

                408

                409

                410
                411

                412

                413

                414

                415

                416

                417

                418

                419

                420
                421

                422

                423

                424

                425

                426

                427

                428

                429

                430
                431

                432

                433

                434

            ID: 163366
            +Nazgrim
                1

                2

                3

                4

                5

                6

                7

                8

                9

                10
                11

                12

                13

                14

                15

                16

                17

                18

                19

                20
                21

                22

                23

                24

                25

                26

                27

                28

                29

                30
                31

                32

                33

                34

                35

                36

                37

                38

                39

                40
                41

                42

                43

                44

                45

                46

                47

                48

                49

                50
                51

                52

                53

            ID: 221634
        +Scammer
            +Dread Shade
                1

                2

                3

                4

                5

                6

                7

                8

                9

                10
                11

                12

                13

                14

                15

                16

                17

                18

                19

                20
                21

                22

                23

                24

                25

                26

                27

                28

                29

                30
                31

                32

                33

                34

                35

                36

                37

                38

                39

                40
                41

                42

                43

                44

                45

                46

                47

                48

                49

            ID: 251422
        +Powerpegging
            +Dracthyr Commando
                1

                2

                3

                4

                5

                6

                7

                8

                9

                10
                11

                12

                13

                14

                15

                16

                17

                18

                19

                20
                21

                22

                23

                24

                25

                26

                27

                28

                29

                30
                31

                32

                33

                34

                35

                36

                37

                38

                39

                40
                41

                42

                43

                44

                45

                46

                47

                48

                49

                50
                51

                52

                53

                54

            ID: 219827
            +Future Self
                1

                2

                3

                4

                5

                6

                7

                8

                9

                10
                11

                12

                13

                14

                15

                16

                17

                18

                19

                20
                21

                22

                23

                24

                25

                26

                27

                28

            ID: 253466
        +Chiwaters
            +Chi-Ji
                1

                2

                3

                4

                5

                6

                7

                8

                9

                10
                11

                12

                13

                14

                15

                16

                17

                18

                19

                20
                21

                22

                23

                24

            ID: 166949
            +Jade Serpent Statue
                1

                2

                3

                4

                5

                6

                7

                8

                9

                10
                11

                12

                13

                14

                15

                16

                17

                18

                19

                20
                21

                22

                23

                24

                25

                26

                27

                28

                29

                30
                31

                32

                33

                34

                35

                36

                37

                38

                39

                40
                41

                42

                43

                44

                45

                46

                47

                48

                49

                50
                51

                52

                53

                54

                55

                56

                57

                58

                59

                60
                61

                62

                63

                64

                65

                66

                67

            ID: 60849
        Abwilliams





Friendlies Enemies
Summary
Damage Done
Damage Taken
Healing
Threat
Buffs
Debuffs
Deaths
Interrupts
Dispels
Resources
Casts

    +Ignore Events After Player Deaths
        Ignore Events After Player Deaths
        Ignore Events After A Called Wipe

Filter Expression:

    +
        Heroism
        Downtime
        Player Deaths
        Player Resurrections
        Boss Deaths
        NPC Deaths
        Show All Entries
        Hide All Entries

ZoomPer Second AmountDamage DoneDamage TakenHealing Done00:0005:0010:0015:0020:0025:0030:000k500k1,000k1,500k2,000k
Group Composition Item Level: 288.80
Tanks:	Scammer
DPS:	Bingling Powerpegging Abwilliams
Healers:	Chiwaters
Damage Done By Source
Name

Amount

DPS

Bingling
28.96%
392.83m 	197,963.4
Powerpegging
24.87%
337.27m 	169,962.9
Abwilliams
23.20%
314.66m 	158,569.7
Scammer
15.74%
213.56m 	107,619.2
Chiwaters
7.23%
98.07m 	49,421.0
Healing Done By Source
Name

Amount

HPS

Chiwaters
59.22%
223.72m 	112,742.9
Scammer
30.29%
114.43m 	57,667.7
Powerpegging
4.21%
15.89m 	8,008.0
Abwilliams
3.37%
12.75m 	6,424.3
Bingling
2.91%
10.98m 	5,533.1
Damage Taken By Ability
Name

Amount

DTPS

Melee
32.37%
115.39m 	58,147.6
Squall Leap
6.29%
22.42m 	11,297.9
Splattered
5.29%
18.86m 	9,505.5
Reckless Leap
4.56%
16.24m 	8,186.3
Spore Dispersal
3.31%
11.81m 	5,953.0
Throw Axe
3.23%
11.53m 	5,809.4
Flaming Updraft
3.18%
11.34m 	5,713.2
Soul Torment
3.07%
10.93m 	5,509.3
Gust Shot
3.00%
10.68m 	5,384.2
Splattering Spew
2.90%
10.33m 	5,203.1
Pulsing Shriek
2.44%
8.68m 	4,374.8
Rampage
2.42%
8.64m 	4,354.8
Squall Leap
2.29%
8.17m 	4,118.6
Debilitating Shriek
2.19%
7.81m 	3,937.3
Arcane Salvo
2.01%
7.18m 	3,618.8
Searing Beak
1.95%
6.96m 	3,507.4
Shadowrive
1.81%
6.44m 	3,246.9
Flame Nova
1.61%
5.74m 	2,890.5
Fetid Spew
1.41%
5.04m 	2,538.3
Melee
1.11%
3.96m 	1,994.1
Fire Spit
1.10%
3.93m 	1,982.5
Interrupting Screech
1.09%
3.90m 	1,964.1
Poison Spray
1.07%
3.80m 	1,913.7
Flame Nova
0.89%
3.17m 	1,597.1
Rallying Bellow
0.81%
2.87m 	1,447.2
Bolt Gale
0.62%
2.20m 	1,106.2
Shoot
0.58%
2.07m 	1,044.6
Bone Hack
0.58%
2.06m 	1,039.4
Fierce Slash
0.58%
2.05m 	1,034.3
Gore Whirl
0.57%
2.03m 	1,023.4
Acidic Demise
0.57%
2.02m 	1,019.7
Turbulent Arrows
0.50%
1.79m 	901.2
Searing Beak
0.42%
1.48m 	747.4
Stretch Time
0.36%
1.28m 	643.9
Brutal Chop
0.33%
1.17m 	591.4
Fetid Bile
0.32%
1.15m 	581.0
Sporecharged
0.29%
1.05m 	527.9
Ferocious Pounce
0.29%
1.02m 	516.3
Puncturing Bite
0.29%
1.02m 	514.4
Tempest Slash
0.28%
991.8k 	499.8
Precise Cut
0.27%
973.3k 	490.5
Intercepting Charge
0.23%
832.2k 	419.4
Bullseye Windblast
0.20%
726.7k 	366.2
Flaming Twisters
0.20%
700.4k 	353.0
Shadow Bolt
0.19%
678.4k 	341.9
Billowing Wind
0.17%
619.4k 	312.1
Falling Rubble
0.15%
551.0k 	277.7
Intercepting Charge
0.15%
538.7k 	271.5
Shred Flesh
0.14%
502.0k 	253.0
Spirit Bolt
0.10%
354.4k 	178.6
Blessing of Sacrifice
0.09%
331.7k 	167.2
Shattered Phial
0.06%
210.6k 	106.1
Falling
0.02%
82.0k 	41.3
Bladestorm
0.02%
80.1k 	40.4
Violent Manifestation
0.02%
73.3k 	37.0
Deaths
Name

Killing Blow

Time

Abwilliams 	Flaming Twisters 	8:25
Abwilliams 	Fetid Bile 	13:28
Chiwaters 	Falling Rubble 	23:56
Chiwaters 	Bullseye Windblast 	30:12
Abwilliams 	Billowing Wind 	31:21
Characters
Tanks

Class Talents

Spec Talents

Gear

Combat Potions

Healthstones & Potions
Scammer
Druid (Guardian)
288 Item Level
Rake
Frenzied Regeneration
Ursoc's Spirit
Grievous Wounds
Swipe
Remove Corruption
Verdant Heart
Nurturing Instinct 2
Killer Instinct 2
Ironfur
Improved Barkskin
Natural Recovery
Thick Hide
Skull Bash
Wild Charge
Soothe
Aessina's Renewal
Typhoon
Stampeding Roar
Well-Honed Instincts
Feline Swiftness
Lingering Healing
Matted Fur 2
Ursol's Vortex
Lycara's Teachings 2
Gift of the Wild
Oakskin
Lore of the Grove
Incapacitating Roar
Circle of the Wild
Heart of the Wild
Innervate
Fluid Form

Maul
Gore
Survival Instincts
Persistence
Dream Guide
Vulnerable Flesh
Berserk
Innate Resolve
After the Wildfire
Survival of the Fittest 2
Scintillating Moonlight 2
Reinvigoration 1
Ursol's Warding
Reinforced Fur
Gift of an Ancient Guardian
Ursoc's Endurance
Brambles
Rend and Tear
Lunar Beam
Fury of Nature 2
Blood Frenzy
Twin Moonfire
Flashing Claws 2
Ursoc's Fury
Elune's Favored
Incarnation: Guardian of Ursoc
Ursoc's Guidance
Galactic Guardian
Sundering Roar
Waking Nightmare
		3 	1
DPS

Class Talents

Spec Talents

Gear

Combat Potions

Healthstones & Potions
Bingling
Death Knight (Unholy)
290 Item Level
Death Strike
Icebound Fortitude
Raise Dead
Runic Attenuation
Improved Death Strike
Cleaving Strikes
Blinding Sleet
Gloom Ward 2
Unholy Momentum 2
Mind Freeze
Enfeeble
Brittle
Permafrost
Veteran of the Third War
Coldthirst
Anti-Magic Zone
Unholy Bond
Icy Talons
Anti-Magic Barrier
Assimilation
Grip of the Dead
Asphyxiate
Unholy Endurance
Blood Scent
Suppression
Insidious Chill
Blood Draw
Will of the Necropolis 2
Rune Mastery 2
Death's Echo
Null Magic

Outbreak
Scourge Strike
Sudden Doom
Dark Transformation
Putrefy
Clawing Shadows
Foul Infections
Grave Mastery
Necromancer's Cunning
Magus of the Dead
Soul Reaper
Festering Scythe
Ebon Fever
Cycle of Death
Ghoulish Frenzy
Army of the Dead
Menacing Magus
Reaping
Raise Abomination
Harbinger of Doom
Unholy Devotion
Doomed Bidding
Blightburst
Putrid Echoes
Commander of the Dead 2
Unholy Aura 2
Outnumber
Reanimation
Forbidden Knowledge 1
Forbidden Knowledge 2
Forbidden Knowledge 1
		6 	2
Powerpegging
Evoker (Augmentation)
290 Item Level
Expunge
Obsidian Scales
Landslide
Natural Convergence
Verdant Embrace
Heavy Wingbeats
Obsidian Bulwark
Innate Magic 2
Cauterizing Flame
Inner Radiance
Clobbering Sweep
Attuned to the Dream 2
Instinctive Arcana 2
Tip the Scales
Draconic Legacy
Extended Flight 2
Inherent Resistance 2
Exuberance
Blast Furnace
Panacea
Renewing Blaze
Rescue
Stretch Time
Source of Magic
Foci of Life
Leaping Flames
Aerial Mastery
Potent Mana
Terror of the Skies
Zephyr
Spatial Paradox

Ebon Might
Eruption
Essence Burst
Ricocheting Pyroclast
Essence Attunement
Pupil of Alexstrasza
Quell
Upheaval
Defy Fate
Breath of Eons
Power Nexus
Volcanism
Ignition Rush
Chrono Ward
Improved Defy Fate
Draconic Attunements
Prescience
Tectonic Locus
Momentum Shift
Fate Mirror
Hoarded Power
Anachronism
Inferno's Blessing
Accretion
Time Skip
Imminent Destruction
Rumbling Earth
Plot the Future
Interwoven Threads
Mighty Inferno
Duplicate 1
Duplicate 2
Duplicate 1
		6 	1
Abwilliams
Paladin (Retribution)
289 Item Level
Lay on Hands
Auras of the Resolute
Hammer of Wrath
Fist of Justice
Cleanse Toxins
Blinding Light
Divine Steed
Healing Hands
Guided Prayer
Greater Judgment
Cavalier
Blessing of Freedom
Shield of Vengeance
Rebuke
Obduracy 2
Sanctified Plates 2
Unbound Freedom
Divine Toll
Consecrated Ground
Blessing of Sacrifice
Blessing of Protection
Quickened Invocation
Holy Aegis
Unbreakable Spirit
Divine Purpose
Sacrifice of the Just
Light's Revocation
Lightforged Blessing
Inspired Guard
Righteous Protection
Seal of Might 2
Vengeful Wrath 2
Blessing of Dusk

Blade of Justice
Divine Storm
Expurgation
Avenging Wrath
Light of Justice
Art of War
Final Verdict
Holy Blade
Holy Flames
Rush of Light
Sanctify
Tempest of the Lightbringer
Improved Judgment
Zealot's Fervor 2
Blade of Vengeance
Highlord's Wrath
Burning Crusade
Crusading Strikes
Blessed Champion
Wake of Ashes
Divine Wrath 2
Blades of Light 2
Seething Flames
Empyrean Legacy
Execution Sentence
Burn to Ash
Crusade
Light Within 1
Light Within 2
Light Within 1
		6 	0
Healers

Class Talents

Spec Talents

Gear

Combat Potions

Healthstones & Potions
Chiwaters
Monk (Mistweaver)
287 Item Level
Soothing Mist
Paralysis
Rising Sun Kick
Elusive Mists
Tiger's Lust
Fast Feet
Grace of the Crane
Calming Presence
Improved Detox
Vivacious Vivification
Chi Warding
Ancient Arts 2
Transcendence
Celerity
Chi Wave
Ring of Peace
Improved Touch of Death
Ferocity of Xuen 2
Tiger Tail Sweep
Dance of the Wind
Peace and Prosperity
Yu'lon's Grace
Fortifying Brew
Mist Caller
Save Them All
Jade Infusion
Expeditious Fortification
Vital Clarity
Chi Proficiency 2
Martial Instincts 2
Lighter Than Air
Flow of Chi

Enveloping Mist
Misty Coalescence
Thunder Focus Tea
Life Cocoon
Invigorating Mists
Mana Tea
Crane Style
Revival
Healing Elixir
Calming Coalescence
Way of the Crane
Energizing Brew
Rapid Diffusion 2
Invoke Chi-Ji, the Red Crane
Mists of Life
Mist Wrap
Lotus Infusion
Celestial Harmony
Chrysalis
Gift of the Celestials
Focused Thunder
Pool of Mists
Sheilun's Gift
Morning Breeze
Secret Infusion 2
Jadefire Teachings
Veil of Pride
Rising Mist
Mistline
Emperor's Elixir
Dance of Chi-Ji
Legacy of Wisdom
		6 	0
Warcraft Logs Logo
HEY THERE.We all want Warcraft Logs to remain free.
We work hard to offer you the best possible experience.
Help us by disabling your Adblock or supporting us on Patreon.
