

    Midnight
    Mists of Pandaria
    Classic Fresh
    Season of Discovery
    Vanilla

Warcraft Logs
Enter a player, guild, or realm
Enter a player, guild, or realm
Search
132
Download Archon App

    Deutsch
    English
    Español
    Français
    Italiano
    Português (Brasil)
    Русский
    한국어
    繁體中文
    简体中文

Mythic+ Season 1
Created by BudoBoy07 on Sun May 24 2026

    Edit Report
    Delete Report
    Make Private
    View in Anonymous Mode

Settings
+

    VS / DR / MQD
    BudoBoy07 - (Public) - 1 hour ago
    Mythic+ Season 1
    BudoBoy07 - (Public) - 1 hour ago
    Sporefall
    BudoBoy07 - (Public) - 2 months ago
    Sporefall
    BudoBoy07 - (Public) - 2 months ago

BudoBoy07
Personal Logs
+
Magisters' Terrace+
+20 [Fortified] [Tyrannical] [Xal'atath's Guile] (19:15) 12:21 AM

    + Bosses and Trash
        Bosses and Trash
        Bosses
        Trash
        Arcanotron Custos
        Seranel Sunlash
        Gemellus
        Degentrius
        Pull 1 (0:38) +0:13
        Arcane Sentry
        Pull 2 (1:58) +0:56
        Blazing Pyromancer
        Pull 3 (1:42) +3:02
        Arcane Sentry
        Pull 4 (3:49) +4:47
        Arcanotron Custos
        Pull 5 (2:32) +8:39
        Runed Spellbreaker
        Pull 6 (1:32) +11:15
        Runed Spellbreaker
        Pull 7 (3:16) +12:59
        Seranel Sunlash
        Pull 8 (1:23) +16:37
        Shadowrift Voidcaller
        Pull 9 (1:08) +18:06
        Hollowsoul Shredder

Entire Dungeon

    + All Friendlies
        +Soulrendr
            +Abomination
                1

                2

                3

                4

                5

                6

                7

                8

                9

                10

            ID: 149555
            +High Inquisitor Whitemane
                1

                2

                3

                4

                5

                6

                7

                8

                9

                10
                11

                12

                13

                14

                15

                16

                17

                18

                19

                20
                21

                22

                23

                24

                25

                26

                27

                28

                29

                30
                31

                32

                33

                34

                35

                36

            ID: 221633
            +Highlord Darion Mograine
                1

                2

                3

                4

                5

                6

                7

                8

                9

                10
                11

                12

                13

                14

                15

                16

                17

                18

                19

                20
                21

                22

                23

                24

                25

                26

                27

                28

                29

                30
                31

            ID: 221632
            +King Thoras Trollbane
                1

                2

                3

                4

                5

                6

                7

                8

                9

                10
                11

                12

                13

                14

                15

                16

                17

                18

                19

                20
                21

                22

                23

                24

                25

                26

                27

                28

                29

                30

            ID: 221635
            +Lesser Ghoul
                1

                2

                3

                4

                5

                6

                7

                8

                9

                10
                11

                12

                13

                14

                15

                16

                17

                18

                19

                20
                21

                22

                23

                24

                25

                26

                27

                28

                29

                30
                31

                32

                33

                34

                35

                36

                37

                38

                39

                40
                41

                42

                43

                44

                45

                46

                47

                48

                49

                50
                51

                52

                53

                54

                55

                56

                57

                58

                59

                60
                61

                62

                63

                64

                65

                66

                67

                68

                69

                70
                71

                72

                73

                74

                75

                76

                77

                78

                79

                80
                81

                82

                83

                84

                85

                86

                87

                88

                89

                90
                91

                92

                93

                94

                95

                96

                97

                98

                99

                100
                101

                102

                103

                104

                105

                106

                107

                108

                109

                110
                111

                112

                113

                114

                115

                116

                117

                118

                119

                120
                121

                122

                123

                124

                125

                126

                127

                128

                129

                130
                131

                132

                133

                134

                135

                136

                137

                138

                139

                140
                141

                142

                143

                144

                145

                146

                147

                148

                149

                150
                151

                152

                153

                154

                155

                156

                157

                158

                159

                160
                161

                162

                163

                164

                165

                166

                167

                168

                169

                170
                171

                172

                173

                174

                175

                176

                177

                178

                179

                180
                181

                182

                183

                184

                185

                186

                187

                188

                189

                190
                191

                192

                193

                194

                195

                196

                197

                198

                199

                200
                201

                202

                203

                204

                205

                206

                207

                208

                209

                210
                211

                212

                213

                214

                215

                216

                217

                218

                219

                220
                221

                222

                223

                224

                225

                226

                227

                228

                229

                230
                231

                232

                233

                234

                235

                236

                237

                238

                239

                240
                241

                242

                243

                244

                245

                246

                247

                248

                249

                250
                251

                252

                253

                254

                255

                256

                257

                258

                259

                260
                261

                262

                263

                264

                265

                266

                267

                268

                269

                270
                271

                272

                273

                274

                275

                276

                277

                278

                279

                280
                281

                282

                283

                284

                285

                286

                287

                288

                289

                290
                291

                292

                293

                294

                295

                296

                297

                298

                299

                300
                301

                302

                303

                304

                305

                306

                307

                308

                309

                310
                311

                312

                313

                314

                315

                316

                317

                318

                319

                320
                321

                322

                323

                324

                325

                326

                327

                328

                329

                330
                331

                332

                333

                334

                335

                336

                337

                338

                339

                340
                341

                342

                343

                344

                345

                346

                347

                348

                349

                350
                351

                352

                353

                354

                355

                356

                357

                358

                359

                360
                361

                362

                363

                364

                365

                366

                367

                368

                369

                370
                371

                372

                373

                374

                375

                376

                377

                378

                379

                380
                381

                382

                383

                384

                385

                386

                387

                388

                389

                390
                391

                392

                393

                394

                395

                396

                397

                398

                399

                400
                401

                402

                403

                404

                405

                406

                407

                408

                409

                410
                411

                412

                413

                414

                415

                416

                417

                418

                419

                420
                421

                422

                423

                424

                425

                426

                427

                428

                429

                430
                431

                432

                433

                434

                435

                436

                437

                438

                439

                440
                441

                442

                443

                444

                445

                446

                447

                448

                449

                450
                451

                452

                453

                454

                455

                456

                457

                458

                459

                460
                461

                462

                463

                464

                465

                466

                467

                468

                469

                470
                471

                472

                473

                474

                475

                476

                477

                478

                479

                480
                481

                482

                483

                484

                485

                486

                487

                488

                489

                490
                491

                492

                493

                494

                495

                496

                497

                498

                499

                500
                501

                502

                503

                504

                505

                506

                507

                508

                509

                510
                511

                512

                513

                514

                515

                516

                517

                518

                519

                520
                521

                522

                523

                524

                525

                526

                527

                528

                529

                530
                531

                532

                533

                534

                535

                536

                537

                538

                539

                540
                541

                542

                543

                544

                545

                546

                547

                548

                549

                550
                551

                552

                553

                554

                555

                556

                557

                558

                559

                560
                561

                562

                563

                564

                565

                566

                567

                568

                569

                570
                571

                572

                573

                574

                575

                576

                577

                578

                579

                580
                581

                582

                583

                584

                585

                586

                587

            ID: 237409
            +Lesser Ghoul
                1

                2

                3

                4

                5

                6

                7

                8

                9

                10
                11

                12

                13

                14

                15

                16

                17

                18

                19

                20
                21

                22

                23

                24

                25

                26

                27

                28

                29

                30
                31

                32

                33

                34

                35

                36

                37

                38

                39

                40
                41

                42

                43

                44

                45

                46

                47

                48

                49

                50
                51

                52

                53

                54

                55

                56

                57

                58

                59

                60
                61

                62

                63

                64

                65

                66

                67

                68

                69

                70
                71

                72

                73

                74

                75

                76

                77

                78

                79

                80
                81

                82

                83

                84

                85

                86

                87

                88

                89

                90
                91

                92

                93

                94

                95

                96

                97

                98

                99

                100
                101

                102

                103

                104

                105

                106

                107

                108

                109

                110
                111

                112

                113

                114

                115

                116

                117

                118

                119

                120
                121

                122

                123

                124

                125

                126

                127

                128

                129

                130
                131

                132

                133

                134

                135

                136

                137

                138

                139

                140
                141

                142

                143

                144

                145

                146

                147

                148

                149

                150
                151

                152

                153

                154

                155

                156

                157

                158

                159

                160
                161

                162

                163

                164

                165

                166

                167

                168

                169

                170
                171

                172

                173

                174

                175

                176

                177

                178

                179

                180
                181

                182

                183

                184

                185

                186

                187

                188

                189

                190
                191

                192

                193

                194

                195

                196

                197

                198

                199

                200
                201

                202

                203

                204

                205

                206

                207

                208

                209

                210
                211

                212

                213

                214

                215

                216

                217

                218

                219

                220
                221

                222

                223

                224

                225

                226

                227

                228

                229

                230

            ID: 258578
            +Magus of the Dead
                1

                2

                3

                4

                5

                6

                7

                8

                9

                10
                11

                12

                13

                14

                15

                16

                17

                18

                19

                20
                21

                22

                23

                24

                25

                26

                27

                28

                29

                30
                31

                32

                33

                34

                35

                36

                37

                38

                39

                40
                41

                42

                43

                44

                45

                46

                47

                48

                49

                50
                51

                52

                53

                54

                55

                56

                57

                58

                59

                60
                61

                62

                63

                64

                65

                66

                67

                68

                69

                70
                71

                72

                73

                74

                75

                76

                77

                78

                79

                80
                81

                82

                83

                84

                85

                86

                87

                88

                89

                90
                91

                92

                93

                94

                95

                96

                97

                98

                99

                100
                101

                102

                103

                104

                105

                106

                107

                108

                109

                110
                111

                112

                113

                114

                115

                116

                117

                118

                119

                120
                121

                122

                123

                124

                125

                126

                127

                128

                129

                130
                131

                132

                133

                134

                135

                136

                137

                138

                139

                140
                141

                142

                143

                144

                145

                146

                147

                148

                149

                150
                151

                152

                153

                154

                155

                156

                157

                158

                159

                160
                161

                162

                163

                164

                165

                166

                167

                168

                169

                170
                171

                172

                173

                174

                175

                176

                177

                178

                179

                180
                181

                182

                183

                184

                185

                186

                187

                188

                189

                190
                191

                192

                193

                194

                195

                196

                197

                198

                199

                200
                201

                202

                203

                204

                205

                206

                207

                208

                209

                210
                211

                212

                213

                214

                215

                216

                217

                218

                219

                220
                221

                222

                223

                224

                225

                226

                227

                228

                229

                230
                231

                232

                233

                234

                235

                236

                237

                238

                239

                240
                241

                242

                243

                244

                245

                246

                247

                248

                249

                250
                251

                252

                253

                254

                255

                256

                257

                258

                259

            ID: 163366
            +Nazgrim
                1

                2

                3

                4

                5

                6

                7

                8

                9

                10
                11

                12

                13

                14

                15

                16

                17

                18

                19

                20
                21

                22

                23

                24

                25

                26

                27

                28

                29

                30
                31

                32

                33

            ID: 221634
            Wormchewer
        +Ашенар
            +Dread Shade
                1

                2

                3

                4

                5

                6

                7

                8

                9

                10
                11

                12

                13

                14

                15

                16

                17

                18

                19

                20
                21

                22

                23

                24

                25

                26

                27

                28

                29

                30
                31

            ID: 251422
        +Powerpegging
            +Dracthyr Commando
                1

                2

                3

                4

                5

                6

                7

                8

                9

                10
                11

                12

                13

                14

                15

                16

                17

                18

                19

                20
                21

                22

                23

                24

                25

                26

                27

                28

                29

                30

            ID: 219827
            +Future Self
                1

                2

                3

                4

                5

                6

                7

                8

                9

                10
                11

                12

                13

                14

                15

            ID: 253466
        +Thôrem
            +Capacitor Totem
                1

                2

                3

                4

            ID: 61245
            Greater Earth Elemental

            ID: 95072
            +Healing Stream Totem
                1

                2

                3

                4

                5

                6

                7

                8

                9

                10
                11

                12

                13

                14

                15

                16

                17

                18

                19

                20
                21

                22

                23

                24

                25

                26

                27

                28

                29

                30
                31

            ID: 3527
            +Healing Tide Totem
                1

                2

                3

            ID: 59764
            +Spirit Link Totem
                1

                2

                3

            ID: 53006
            +Stormstream Totem
                1

                2

                3

                4

                5

                6

                7

                8

                9

                10
                11

                12

                13

                14

                15

                16

                17

                18

                19

                20
                21

            ID: 256196
            +Surging Totem
                1

                2

                3

                4

                5

                6

                7

                8

                9

                10
                11

                12

                13

                14

                15

                16

                17

                18

                19

                20
                21

                22

                23

                24

                25

                26

                27

                28

                29

                30
                31

                32

                33

                34

                35

                36

                37

                38

            ID: 225409
            +Wind Rush Totem
                1

                2

                3

            ID: 97285
        +Iwarlock
            +Antoran Inquisitor
                1

                2

                3

                4

                5

                6

                7

                8

                9

                10
                11

                12

            ID: 258242
            +Antoran Jailer
                1

                2

                3

                4

                5

                6

                7

                8

                9

                10
                11

                12

                13

                14

                15

                16

                17

                18

                19

                20
                21

                22

                23

            ID: 255147
            +Charhound
                1

                2

                3

                4

                5

                6

                7

                8

                9

                10
                11

                12

                13

                14

                15

                16

                17

                18

                19

                20
                21

                22

                23

                24

                25

                26

                27

                28

                29

                30
                31

                32

                33

                34

                35

                36

                37

                38

                39

                40
                41

                42

                43

                44

                45

                46

                47

                48

            ID: 226269
            Dag-barash
            +Demonic Tyrant
                1

                2

                3

                4

                5

                6

                7

                8

                9

                10
                11

                12

                13

                14

                15

            ID: 250289
            +Dreadstalker
                1

                2

                3

                4

                5

                6

                7

                8

                9

                10
                11

                12

                13

                14

                15

                16

                17

                18

                19

                20
                21

                22

                23

                24

                25

                26

                27

                28

                29

                30
                31

                32

                33

                34

                35

                36

                37

                38

                39

                40
                41

                42

                43

                44

                45

                46

                47

                48

                49

                50
                51

                52

                53

                54

                55

                56

                57

                58

                59

                60
                61

                62

                63

                64

                65

                66

                67

                68

                69

                70
                71

                72

                73

                74

                75

                76

                77

                78

                79

                80
                81

                82

                83

                84

                85

                86

                87

                88

                89

                90
                91

                92

                93

                94

                95

                96

            ID: 98035
            +Grand Warlock Alythess
                1

                2

                3

                4

                5

                6

                7

                8

                9

                10
                11

                12

                13

                14

            ID: 260077
            +Imp Lord
                1

                2

                3

                4

                5

                6

                7

                8

                9

            ID: 258584
            +Lady Sacrolash
                1

                2

                3

                4

                5

                6

                7

                8

            ID: 260076
            +Mother of Chaos
                1

                2

                3

                4

                5

                6

                7

                8

                9

                10
                11

                12

                13

                14

                15

                16

                17

                18

                19

                20
                21

                22

                23

                24

                25

                26

            ID: 228576
            +Overlord
                1

                2

                3

                4

                5

                6

                7

                8

                9

                10
                11

                12

                13

                14

                15

                16

                17

                18

                19

                20
                21

                22

                23

                24

                25

                26

            ID: 228575
            +Pit Lord
                1

                2

                3

                4

                5

                6

                7

                8

                9

                10
                11

                12

                13

                14

                15

                16

                17

                18

                19

                20
                21

                22

                23

                24

            ID: 228574
            +Wild Imp (Hand of Gul'dan)
                1

                2

                3

                4

                5

                6

                7

                8

                9

                10
                11

                12

                13

                14

                15

                16

                17

                18

                19

                20
                21

                22

                23

                24

                25

                26

                27

                28

                29

                30
                31

                32

                33

                34

                35

                36

                37

                38

                39

                40
                41

                42

                43

                44

                45

                46

                47

                48

                49

                50
                51

                52

                53

                54

                55

                56

                57

                58

                59

                60
                61

                62

                63

                64

                65

                66

                67

                68

                69

                70
                71

                72

                73

                74

                75

                76

                77

                78

                79

                80
                81

                82

                83

                84

                85

                86

                87

                88

                89

                90
                91

                92

                93

                94

                95

                96

                97

                98

                99

                100
                101

                102

                103

                104

                105

                106

                107

                108

                109

                110
                111

                112

                113

                114

                115

                116

                117

                118

                119

                120
                121

                122

                123

                124

                125

                126

                127

                128

                129

                130
                131

                132

                133

                134

                135

                136

                137

                138

                139

                140
                141

                142

                143

                144

                145

                146

                147

                148

                149

                150
                151

                152

                153

                154

                155

                156

                157

                158

                159

                160
                161

                162

                163

                164

                165

                166

                167

                168

                169

                170
                171

                172

                173

                174

                175

                176

                177

                178

                179

                180
                181

                182

                183

                184

                185

                186

                187

                188

                189

                190
                191

                192

                193

                194

                195

                196

                197

                198

                199

                200
                201

                202

                203

                204

                205

                206

                207

                208

                209

                210
                211

                212

                213

                214

                215

                216

                217

                218

                219

                220
                221

                222

                223

                224

                225

                226

                227

                228

                229

                230
                231

                232

                233

                234

                235

                236

                237

                238

                239

                240
                241

                242

                243

                244

                245

                246

                247

                248

                249

                250
                251

                252

                253

                254

                255

                256

                257

                258

                259

                260
                261

                262

                263

                264

                265

                266

                267

                268

                269

                270
                271

                272

                273

                274

                275

                276

                277

                278

                279

                280
                281

                282

                283

                284

                285

                286

                287

                288

                289

                290
                291

                292

                293

                294

                295

                296

                297

                298

                299

                300
                301

                302

                303

                304

                305

                306

                307

                308

                309

                310
                311

                312

                313

                314

                315

                316

                317

                318

                319

                320
                321

                322

                323

                324

                325

                326

                327

                328

                329

                330
                331

                332

                333

                334

                335

                336

                337

                338

                339

                340
                341

                342

                343

                344

                345

                346

                347

                348

                349

                350
                351

                352

                353

                354

                355

                356

                357

                358

                359

                360
                361

                362

                363

                364

                365

                366

                367

                368

                369

                370
                371

                372

                373

                374

                375

                376

                377

                378

                379

                380
                381

                382

                383

                384

                385

                386

                387

                388

                389

                390
                391

                392

                393

                394

                395

                396

                397

                398

                399

                400
                401

                402

                403

                404

                405

                406

                407

                408

                409

                410
                411

                412

                413

                414

                415

                416

                417

                418

                419

                420
                421

                422

                423

                424

                425

                426

                427

                428

                429

                430
                431

                432

                433

                434

                435

                436

                437

                438

                439

                440
                441

                442

                443

                444

                445

                446

                447

                448

                449

                450
                451

                452

                453

                454

                455

                456

                457

                458

                459

                460
                461

                462

                463

                464

                465

                466

                467

                468

                469

                470
                471

                472

                473

                474

                475

                476

                477

                478

                479

                480
                481

                482

                483

                484

                485

                486

                487

                488

                489

                490
                491

                492

                493

                494

                495

                496

                497

                498

                499

                500
                501

                502

                503

                504

                505

                506

                507

                508

                509

                510
                511

                512

                513

                514

                515

                516

                517

                518

                519

                520
                521

                522

                523

                524

                525

                526

                527

                528

                529

                530
                531

                532

                533

                534

                535

                536

                537

                538

                539

                540
                541

                542

                543

                544

                545

                546

                547

                548

                549

                550
                551

                552

                553

                554

                555

                556

                557

                558

                559

                560
                561

                562

                563

                564

                565

                566

                567

                568

                569

                570
                571

                572

                573

                574

                575

                576

                577

                578

                579

                580
                581

                582

                583

                584

                585

                586

                587

                588

                589

                590
                591

                592

                593

                594

                595

                596

                597

                598

                599

                600
                601

                602

                603

                604

                605

                606

                607

                608

                609

                610
                611

                612

                613

                614

                615

                616

                617

                618

                619

                620
                621

                622

                623

                624

                625

                626

                627

                628

                629

                630
                631

                632

                633

                634

                635

                636

                637

                638

                639

                640
                641

                642

                643

                644

                645

                646

                647

                648

                649

                650
                651

                652

                653

                654

                655

                656

                657

                658

                659

                660
                661

                662

                663

                664

                665

                666

                667

                668

                669

                670
                671

                672

                673

                674

                675

                676

                677

                678

                679

                680
                681

                682

                683

                684

                685

                686

                687

            ID: 55659
            +Wild Imp (Inner Demons/To Hell and Back)
                1

                2

                3

                4

                5

                6

                7

                8

                9

                10
                11

                12

                13

                14

                15

                16

                17

                18

                19

                20
                21

                22

                23

                24

                25

                26

                27

                28

                29

                30
                31

                32

                33

                34

                35

                36

                37

                38

                39

                40
                41

                42

                43

                44

                45

                46

                47

                48

                49

                50
                51

                52

                53

                54

                55

                56

                57

                58

                59

                60
                61

                62

                63

                64

                65

                66

                67

                68

                69

                70
                71

                72

                73

                74

                75

                76

                77

                78

                79

                80
                81

                82

                83

                84

                85

                86

                87

                88

                89

                90
                91

                92

                93

                94

                95

                96

                97

                98

                99

                100
                101

                102

                103

                104

                105

                106

                107

                108

                109

                110
                111

                112

                113

                114

                115

                116

                117

                118

                119

                120
                121

                122

                123

                124

                125

                126

                127

                128

                129

                130
                131

                132

                133

                134

                135

                136

                137

                138

                139

                140
                141

                142

                143

                144

                145

                146

                147

                148

                149

                150
                151

                152

                153

                154

                155

                156

                157

                158

                159

                160
                161

                162

                163

                164

                165

                166

                167

                168

                169

                170
                171

                172

                173

                174

                175

                176

                177

                178

                179

                180
                181

                182

                183

                184

                185

                186

                187

                188

                189

                190
                191

                192

                193

                194

                195

                196

                197

                198

                199

                200
                201

                202

                203

                204

                205

                206

                207

                208

                209

                210
                211

                212

                213

                214

                215

                216

                217

                218

                219

                220
                221

                222

                223

                224

                225

                226

                227

                228

                229

            ID: 143622
        +Magister Umbric
            Groups:
            1

            2

            3
            Instances:
            1

            2

        ID: 234148
        +Vigilant Librarian
            Groups:
            1
            Instances:
            1

            2

            3

            4

            5

            6

            7

            8

            9

            10
            11

            12

        ID: 234067






Friendlies Enemies
Summary
Damage Done
Damage Taken
Healing
Threat
Buffs
Debuffs
Deaths
Interrupts
Dispels
Resources
Casts

    +Ignore Events After Player Deaths
        Ignore Events After Player Deaths
        Ignore Events After A Called Wipe

Filter Expression:

    +
        Heroism
        Downtime
        Player Deaths
        Player Resurrections
        Boss Deaths
        NPC Deaths
        Show All Entries
        Hide All Entries

ZoomPer Second AmountDamage DoneDamage TakenHealing Done00:0002:0004:0006:0008:0010:0012:0014:0016:0018:000M1M2M3M4M
Group Composition Item Level: 287.40
Tanks:	Ашенар
DPS:	Soulrendr Powerpegging Iwarlock
Healers:	Thôrem
Damage Done By Source
Name

Amount

DPS

Iwarlock
27.08%
228.03m 	197,368.4
Soulrendr
26.35%
221.82m 	191,993.6
Powerpegging
26.12%
219.95m 	190,369.2
Ашенар
15.97%
134.46m 	116,381.3
Thôrem
4.48%
37.73m 	32,654.0
Healing Done By Source
Name

Amount

HPS

Thôrem
45.74%
102.14m 	88,408.2
Ашенар
37.05%
82.72m 	71,595.3
Powerpegging
6.74%
15.05m 	13,024.6
Iwarlock
5.56%
12.41m 	10,744.5
Soulrendr
4.91%
10.97m 	9,491.1
Damage Taken By Ability
Name

Amount

DTPS

Melee
26.96%
60.57m 	52,426.7
Runic Glaive
13.95%
31.35m 	27,131.1
Ignition
5.72%
12.84m 	11,113.6
Holy Fire
5.05%
11.34m 	9,815.0
Arcane Blade
5.02%
11.28m 	9,763.2
Arcane Expulsion
4.83%
10.84m 	9,385.0
Null Reaction
4.74%
10.66m 	9,225.6
Runic Mark
4.57%
10.27m 	8,891.6
Energy Release
3.61%
8.12m 	7,026.5
Crowd Dispersal
3.51%
7.88m 	6,823.7
Blink
3.06%
6.87m 	5,943.9
Dimensional Shred
2.71%
6.08m 	5,263.5
Wave of Silence
2.29%
5.14m 	4,450.8
Arcane Volley
1.77%
3.98m 	3,445.2
Terror Wave
1.60%
3.60m 	3,111.7
Arcane Beam
1.38%
3.10m 	2,682.0
Consuming Shadows
1.36%
3.06m 	2,646.7
Void Eruption
1.23%
2.77m 	2,394.1
Repulsing Slam
1.21%
2.71m 	2,346.1
Unstable Energy
1.17%
2.63m 	2,272.2
Arcane Bolt
0.96%
2.16m 	1,866.9
Void Gash
0.88%
1.98m 	1,717.2
Shadow Bolt
0.54%
1.22m 	1,052.3
Stretch Time
0.41%
919.9k 	796.2
Fel Armor
0.32%
722.2k 	625.1
Hastening Ward
0.19%
430.0k 	372.2
Ethereal Shackles
0.19%
417.7k 	361.5
Arcane Residue
0.18%
413.5k 	357.9
Runic Mark
0.14%
324.3k 	280.7
Consuming Void
0.12%
274.2k 	237.3
Burning Rush
0.11%
249.9k 	216.3
Arcane Residue
0.11%
243.8k 	211.0
Falling
0.09%
211.9k 	183.4
Deaths
Name

Killing Blow

Time

Thôrem 	Crowd Dispersal 	4:06
Thôrem 	Runic Glaive 	11:32
Iwarlock 	Runic Glaive 	11:34
Powerpegging 	Runic Glaive 	11:52
Iwarlock 	Terror Wave 	19:02
Thôrem 	Terror Wave 	19:02
Soulrendr 	Terror Wave 	19:02
Powerpegging 	Consuming Void 	19:06
Characters
Tanks

Class Talents

Spec Talents

Gear

Combat Potions

Healthstones & Potions
Ашенар
Druid (Guardian)
287 Item Level
Rake
Frenzied Regeneration
Ursoc's Spirit
Grievous Wounds
Swipe
Remove Corruption
Verdant Heart
Nurturing Instinct 2
Killer Instinct 2
Ironfur
Improved Barkskin
Natural Recovery
Astral Influence
Thick Hide
Skull Bash
Wild Charge
Soothe
Starlight Conduit
Aessina's Renewal
Typhoon
Stampeding Roar
Well-Honed Instincts
Feline Swiftness
Matted Fur 2
Ursol's Vortex
Lycara's Teachings 2
Gift of the Wild
Oakskin
Lore of the Grove
Incapacitating Roar
Forestwalk 1
Symbiotic Relationship
Circle of the Wild

Maul
Gore
Survival Instincts
Front of the Pack
Dream Guide
Vulnerable Flesh
Berserk
Innate Resolve
After the Wildfire
Survival of the Fittest 2
Scintillating Moonlight 2
Reinvigoration 1
Ursol's Warding
Reinforced Fur
Gift of an Ancient Guardian
Ursoc's Endurance
Brambles
Rend and Tear
Lunar Beam
Fury of Nature 2
Blood Frenzy
Twin Moonfire
Flashing Claws 2
Ursoc's Fury
Elune's Favored
Incarnation: Guardian of Ursoc
Ursoc's Guidance
Galactic Guardian
Sundering Roar
Waking Nightmare
		4 	6
DPS

Class Talents

Spec Talents

Gear

Combat Potions

Healthstones & Potions
Soulrendr
Death Knight (Unholy)
288 Item Level
Death Strike
Icebound Fortitude
Raise Dead
Runic Attenuation
Improved Death Strike
Cleaving Strikes
Blinding Sleet
Gloom Ward 2
Unholy Momentum 2
Mind Freeze
Wraith Walk
Enfeeble
Brittle
Permafrost
Veteran of the Third War
Coldthirst
Anti-Magic Zone
Unholy Bond
Icy Talons
Anti-Magic Barrier
Death's Reach
Unholy Endurance
Blood Scent
Suppression
Insidious Chill
Runic Protection
Blood Draw
Will of the Necropolis 2
Rune Mastery 2
Death's Echo
Null Magic

Outbreak
Scourge Strike
Sudden Doom
Dark Transformation
Putrefy
Clawing Shadows
Foul Infections
Grave Mastery
Necromancer's Cunning
Magus of the Dead
Soul Reaper
Festering Scythe
Ebon Fever
Cycle of Death
Ghoulish Frenzy
Army of the Dead
Menacing Magus
Reaping
Raise Abomination
Harbinger of Doom
Unholy Devotion
Doomed Bidding
Blightburst
Putrid Echoes
Commander of the Dead 2
Unholy Aura 2
Outnumber
Reanimation
Forbidden Knowledge 1
Forbidden Knowledge 2
Forbidden Knowledge 1
		4 	3
Powerpegging
Evoker (Augmentation)
290 Item Level
Expunge
Obsidian Scales
Landslide
Natural Convergence
Verdant Embrace
Heavy Wingbeats
Obsidian Bulwark
Innate Magic 2
Cauterizing Flame
Inner Radiance
Clobbering Sweep
Attuned to the Dream 2
Sleep Walk
Instinctive Arcana 2
Tip the Scales
Draconic Legacy
Extended Flight 2
Inherent Resistance 2
Blast Furnace
Panacea
Renewing Blaze
Rescue
Stretch Time
Source of Magic
Foci of Life
Leaping Flames
Aerial Mastery
Potent Mana
Terror of the Skies
Zephyr
Spatial Paradox

Ebon Might
Eruption
Essence Burst
Ricocheting Pyroclast
Essence Attunement
Pupil of Alexstrasza
Quell
Upheaval
Defy Fate
Breath of Eons
Power Nexus
Volcanism
Bestow Weyrnstone
Ignition Rush
Chrono Ward
Draconic Attunements
Prescience
Tectonic Locus
Momentum Shift
Fate Mirror
Hoarded Power
Anachronism
Inferno's Blessing
Accretion
Time Skip
Imminent Destruction
Rumbling Earth
Plot the Future
Interwoven Threads
Mighty Inferno
Duplicate 1
Duplicate 2
Duplicate 1
		2 	7
Iwarlock
Warlock (Demonology)
286 Item Level
Fel Domination
Burning Rush
Soul Leech
Fel Armor 2
Demon Skin 2
Demonic Fortitude
Demonic Embrace
Mortal Coil
Banish
Curse of Tongues
Demonic Circle
Pact of the Annihilan
Pact of the Satyr
Improved Mortal Coil
Dark Pact
Foul Mouth
Fortified Soul
Empowered Healthstone
Abyss Walker
Frequent Donor
Pact of the Eredar
Pact of the Nathrezim
Shadowfury
Demonic Gateway
Strength of Will
Swift Artifice
Soul Link 2
Fel Synergy 2
Pact of Gluttony
Soulburn
Blight of Tongues

Hand of Gul'dan
Call Dreadstalkers
Demoniac
Dreadlash
Fel Intellect
Implosion
Imp-erator
Summon Felguard
Carnivorous Stalkers 2
Rune of Shadows 2
Infernal Rapidity
Summon Demonic Tyrant
Demonic Brutality
Blighted Maw
Imp Gang Boss
Inner Demons
Flametouched
Antoran Armaments
Tyrant's Oblation
Demonic Calling 2
Master Summoner
Reign of Tyranny
Summon Vilefiend
Grimoire: Imp Lord
Hellbent Commander
Mark of F'harg
To Hell and Back
Dominion of Argus 1
Dominion of Argus 2
Dominion of Argus 1
		3 	12
Healers

Class Talents

Spec Talents

Gear

Combat Potions

Healthstones & Potions
Thôrem
Shaman (Restoration)
286 Item Level
Chain Lightning
Lava Burst
Chain Heal
Spirit Wolf
Earth Shield
Elemental Orbit
Nature's Guardian
Astral Shift
Brimming with Life 2
Healing Stream Totem
Planes Traveler
Wind Shear
Capacitor Totem
Elemental Resistance
Enhanced Imbues
Windveil
Spiritual Awakening
Earth Elemental
Refreshing Waters
Wind Rush Totem
Primordial Bond
Nature's Fury 2
Purge
Spiritwalker's Grace
Elemental Warding
Totemic Focus
Totemic Projection
Therazane's Resilience
Graceful Spirit
Mana Spring
Nature's Swiftness
Instinctive Imbuements
Totemic Surge

Riptide
Healing Stream Totem
Healing Rain
Water Totem Mastery
Acid Rain
Healing Tide Totem
Living Stream
Resurgence
First Ascendant
Ancestral Vigor 2
White Water
Quickstream
Earthliving Weapon
Unleash Life
Torrent
Ancestral Reach
Deluge
Tidal Waves
Improved Earthliving Weapon
Earthen Accord
Spirit Link Totem
Echo of the Elements
Earthen Harmony
Ancestral Awakening 2
Spouting Spirits
Primal Tide Core
Coalescing Water
Deeply Rooted Elements
Stormstream Totem 1
Stormstream Totem 2
Stormstream Totem 1
		0 	3
Warcraft Logs Logo
HEY THERE.We all want Warcraft Logs to remain free.
We work hard to offer you the best possible experience.
Help us by disabling your Adblock or supporting us on Patreon.
Guild logo
Warcraft Logs
Contact Us
-
Privacy Policy
-
Video Terms of Service
-
Careers
twitter's Icon Logo
discord's Icon Logo
patreon's Icon Logo
Latest Article
Archon App: Cloud Video Released!
4 days ago
Resources
Forums
Subscribe
Help and Info
Brand
Our Websites
Archon
WoW Retail
WoW Classic
WoW SoD
WoW Classic Fresh
WoW Vanilla
Final Fantasy XIV
Elder Scrolls Online
SWTOR
Latest Raid
Statistics
Rankings
Progress
All Reports
Our Tools
Download App
WoWAnalyzer
Wipefest
Recruitment
© 2013-2026 Warcraft Logs
