

    Midnight
    Mists of Pandaria
    Classic Fresh
    Season of Discovery
    Vanilla

Warcraft Logs
Enter a player, guild, or realm
Enter a player, guild, or realm
Search
101
Download Archon App

    Deutsch
    English
    Español
    Français
    Italiano
    Português (Brasil)
    Русский
    한국어
    繁體中文
    简体中文

Mythic+ Season 1
Created by BudoBoy07 on Thu May 21 2026

    Edit Report
    Delete Report
    Make Private
    View in Anonymous Mode

Settings
+

    VS / DR / MQD
    BudoBoy07 - (Public) - 22 minutes ago
    Mythic+ Season 1
    BudoBoy07 - (Public) - 22 minutes ago
    Sporefall
    BudoBoy07 - (Public) - 2 months ago
    Sporefall
    BudoBoy07 - (Public) - 2 months ago

BudoBoy07
Personal Logs
+
The Seat of the Triumvirate+
+20 [Fortified] [Tyrannical] [Xal'atath's Guile] (29:25) 5:09 PM

    + Bosses and Trash
        Bosses and Trash
        Bosses
        Trash
        Zuraal the Ascended
        Saprish
        Viceroy Nezhar
        L'ura
        Pull 1 (0:59) +0:09
        Merciless Subjugator
        Pull 2 (1:07) +1:13
        Merciless Subjugator
        Pull 3 (0:03) +2:29
        Famished Broken
        Pull 4 (2:59) +2:34
        Zuraal the Ascended
        Pull 5 (1:15) +5:37
        Rift Warden
        Pull 6 (2:02) +7:02
        Rift Warden
        Pull 7 (2:16) +9:19
        Rift Warden
        Pull 8 (1:04) +11:41
        Rift Warden
        Pull 9 (3:08) +12:46
        Saprish
        Pull 10 (2:18) +16:03
        Void-Infused Destroyer
        Pull 11 (2:30) +18:35
        Grand Shadow-Weaver
        Pull 12 (3:44) +21:07
        Viceroy Nezhar
        Pull 13 (3:45) +25:47
        L'ura

Entire Dungeon

    + All Friendlies
        Nørskenrmt
        +Smörisse
            +Dread Shade
                1

                2

                3

                4

                5

                6

                7

                8

                9

                10
                11

                12

                13

                14

                15

                16

                17

                18

                19

                20
                21

                22

                23

                24

                25

                26

                27

                28

                29

                30
                31

                32

                33

                34

                35

                36

                37

                38

                39

                40
                41

                42

                43

                44

                45

            ID: 251422
        +Powerpegging
            +Dracthyr Commando
                1

                2

                3

                4

                5

                6

                7

                8

                9

                10
                11

                12

                13

                14

                15

                16

                17

                18

                19

                20
                21

                22

                23

                24

                25

                26

                27

                28

                29

                30
                31

                32

                33

                34

                35

                36

                37

                38

                39

                40
                41

                42

                43

                44

                45

                46

                47

                48

            ID: 219827
            +Future Self
                1

                2

                3

                4

                5

                6

                7

                8

                9

                10
                11

                12

                13

                14

                15

                16

                17

                18

                19

                20
                21

                22

                23

                24

                25

            ID: 253466
        +Snowblast
            +Chi-Ji
                1

                2

                3

                4

                5

                6

                7

                8

                9

                10
                11

                12

                13

                14

                15

                16

                17

                18

                19

                20
                21

            ID: 166949
        +Benafflíc
            +Antoran Inquisitor
                1

                2

                3

                4

                5

                6

                7

                8

                9

                10
                11

                12

                13

                14

                15

                16

                17

                18

                19

                20
                21

                22

                23

                24

                25

                26

                27

                28

                29

                30
                31

                32

                33

                34

                35

                36

                37

            ID: 258242
            +Antoran Jailer
                1

                2

                3

                4

                5

                6

                7

                8

                9

                10
                11

                12

                13

                14

                15

                16

                17

                18

                19

                20
                21

                22

                23

                24

                25

                26

                27

                28

                29

                30

            ID: 255147
            +Charhound
                1

                2

                3

                4

                5

                6

                7

                8

                9

                10
                11

                12

                13

                14

                15

                16

                17

                18

                19

                20
                21

                22

                23

                24

                25

                26

                27

                28

                29

                30
                31

                32

                33

                34

                35

                36

                37

                38

                39

                40
                41

                42

                43

                44

                45

                46

                47

                48

                49

                50
                51

                52

                53

                54

                55

                56

                57

                58

                59

                60
                61

                62

                63

                64

                65

                66

                67

                68

                69

                70
                71

                72

                73

                74

                75

                76

                77

            ID: 226269
            +Demonic Tyrant
                1

                2

                3

                4

                5

                6

                7

                8

                9

                10
                11

                12

                13

                14

                15

                16

                17

                18

                19

                20
                21

                22

                23

                24

                25

                26

            ID: 250289
            +Dreadstalker
                1

                2

                3

                4

                5

                6

                7

                8

                9

                10
                11

                12

                13

                14

                15

                16

                17

                18

                19

                20
                21

                22

                23

                24

                25

                26

                27

                28

                29

                30
                31

                32

                33

                34

                35

                36

                37

                38

                39

                40
                41

                42

                43

                44

                45

                46

                47

                48

                49

                50
                51

                52

                53

                54

                55

                56

                57

                58

                59

                60
                61

                62

                63

                64

                65

                66

                67

                68

                69

                70
                71

                72

                73

                74

                75

                76

                77

                78

                79

                80
                81

                82

                83

                84

                85

                86

                87

                88

                89

                90
                91

                92

                93

                94

                95

                96

                97

                98

                99

                100
                101

                102

                103

                104

                105

                106

                107

                108

                109

                110
                111

                112

                113

                114

                115

                116

                117

                118

                119

                120
                121

                122

                123

                124

                125

                126

                127

                128

                129

                130
                131

                132

                133

                134

                135

                136

                137

                138

                139

                140
                141

                142

                143

                144

                145

                146

                147

                148

                149

                150
                151

                152

                153

                154

            ID: 98035
            +Grand Warlock Alythess
                1

                2

                3

                4

                5

                6

                7

                8

                9

                10
                11

                12

                13

                14

            ID: 260077
            +Imp Lord
                1

                2

                3

                4

                5

                6

                7

                8

                9

                10
                11

                12

                13

            ID: 258584
            Krentom
            +Lady Sacrolash
                1

                2

                3

                4

                5

                6

                7

                8

                9

                10
                11

                12

                13

                14

                15

                16

                17

                18

                19

                20
                21

            ID: 260076
            +Mother of Chaos
                1

                2

                3

                4

                5

                6

                7

                8

                9

                10
                11

                12

                13

                14

                15

                16

                17

                18

                19

                20
                21

                22

                23

                24

                25

                26

                27

                28

                29

                30
                31

                32

                33

                34

                35

                36

                37

                38

                39

                40
                41

                42

            ID: 228576
            +Overlord
                1

                2

                3

                4

                5

                6

                7

                8

                9

                10
                11

                12

                13

                14

                15

                16

                17

                18

                19

                20
                21

                22

                23

                24

                25

                26

                27

                28

                29

                30
                31

                32

                33

                34

                35

                36

                37

                38

                39

                40
                41

            ID: 228575
            +Pit Lord
                1

                2

                3

                4

                5

                6

                7

                8

                9

                10
                11

                12

                13

                14

                15

                16

                17

                18

                19

                20
                21

                22

                23

                24

                25

                26

                27

                28

                29

                30
                31

                32

                33

                34

                35

                36

                37

                38

                39

                40
                41

            ID: 228574
            +Wild Imp (Hand of Gul'dan)
                1

                2

                3

                4

                5

                6

                7

                8

                9

                10
                11

                12

                13

                14

                15

                16

                17

                18

                19

                20
                21

                22

                23

                24

                25

                26

                27

                28

                29

                30
                31

                32

                33

                34

                35

                36

                37

                38

                39

                40
                41

                42

                43

                44

                45

                46

                47

                48

                49

                50
                51

                52

                53

                54

                55

                56

                57

                58

                59

                60
                61

                62

                63

                64

                65

                66

                67

                68

                69

                70
                71

                72

                73

                74

                75

                76

                77

                78

                79

                80
                81

                82

                83

                84

                85

                86

                87

                88

                89

                90
                91

                92

                93

                94

                95

                96

                97

                98

                99

                100
                101

                102

                103

                104

                105

                106

                107

                108

                109

                110
                111

                112

                113

                114

                115

                116

                117

                118

                119

                120
                121

                122

                123

                124

                125

                126

                127

                128

                129

                130
                131

                132

                133

                134

                135

                136

                137

                138

                139

                140
                141

                142

                143

                144

                145

                146

                147

                148

                149

                150
                151

                152

                153

                154

                155

                156

                157

                158

                159

                160
                161

                162

                163

                164

                165

                166

                167

                168

                169

                170
                171

                172

                173

                174

                175

                176

                177

                178

                179

                180
                181

                182

                183

                184

                185

                186

                187

                188

                189

                190
                191

                192

                193

                194

                195

                196

                197

                198

                199

                200
                201

                202

                203

                204

                205

                206

                207

                208

                209

                210
                211

                212

                213

                214

                215

                216

                217

                218

                219

                220
                221

                222

                223

                224

                225

                226

                227

                228

                229

                230
                231

                232

                233

                234

                235

                236

                237

                238

                239

                240
                241

                242

                243

                244

                245

                246

                247

                248

                249

                250
                251

                252

                253

                254

                255

                256

                257

                258

                259

                260
                261

                262

                263

                264

                265

                266

                267

                268

                269

                270
                271

                272

                273

                274

                275

                276

                277

                278

                279

                280
                281

                282

                283

                284

                285

                286

                287

                288

                289

                290
                291

                292

                293

                294

                295

                296

                297

                298

                299

                300
                301

                302

                303

                304

                305

                306

                307

                308

                309

                310
                311

                312

                313

                314

                315

                316

                317

                318

                319

                320
                321

                322

                323

                324

                325

                326

                327

                328

                329

                330
                331

                332

                333

                334

                335

                336

                337

                338

                339

                340
                341

                342

                343

                344

                345

                346

                347

                348

                349

                350
                351

                352

                353

                354

                355

                356

                357

                358

                359

                360
                361

                362

                363

                364

                365

                366

                367

                368

                369

                370
                371

                372

                373

                374

                375

                376

                377

                378

                379

                380
                381

                382

                383

                384

                385

                386

                387

                388

                389

                390
                391

                392

                393

                394

                395

                396

                397

                398

                399

                400
                401

                402

                403

                404

                405

                406

                407

                408

                409

                410
                411

                412

                413

                414

                415

                416

                417

                418

                419

                420
                421

                422

                423

                424

                425

                426

                427

                428

                429

                430
                431

                432

                433

                434

                435

                436

                437

                438

                439

                440
                441

                442

                443

                444

                445

                446

                447

                448

                449

                450
                451

                452

                453

                454

                455

                456

                457

                458

                459

                460
                461

                462

                463

                464

                465

                466

                467

                468

                469

                470
                471

                472

                473

                474

                475

                476

                477

                478

                479

                480
                481

                482

                483

                484

                485

                486

                487

                488

                489

                490
                491

                492

                493

                494

                495

                496

                497

                498

                499

                500
                501

                502

                503

                504

                505

                506

                507

                508

                509

                510
                511

                512

                513

                514

                515

                516

                517

                518

                519

                520
                521

                522

                523

                524

                525

                526

                527

                528

                529

                530
                531

                532

                533

                534

                535

                536

                537

                538

                539

                540
                541

                542

                543

                544

                545

                546

                547

                548

                549

                550
                551

                552

                553

                554

                555

                556

                557

                558

                559

                560
                561

                562

                563

                564

                565

                566

                567

                568

                569

                570
                571

                572

                573

                574

                575

                576

                577

                578

                579

                580
                581

                582

                583

                584

                585

                586

                587

                588

                589

                590
                591

                592

                593

                594

                595

                596

                597

                598

                599

                600
                601

                602

                603

                604

                605

                606

                607

                608

                609

                610
                611

                612

                613

                614

                615

                616

                617

                618

                619

                620
                621

                622

                623

                624

                625

                626

                627

                628

                629

                630
                631

                632

                633

                634

                635

                636

                637

                638

                639

                640
                641

                642

                643

                644

                645

                646

                647

                648

                649

                650
                651

                652

                653

                654

                655

                656

                657

                658

                659

                660
                661

                662

                663

                664

                665

                666

                667

                668

                669

                670
                671

                672

                673

                674

                675

                676

                677

                678

                679

                680
                681

                682

                683

                684

                685

                686

                687

                688

                689

                690
                691

                692

                693

                694

                695

                696

                697

                698

                699

                700
                701

                702

                703

                704

                705

                706

                707

                708

                709

                710
                711

                712

                713

                714

                715

                716

                717

                718

                719

                720
                721

                722

                723

                724

                725

                726

                727

                728

                729

                730
                731

                732

                733

                734

                735

                736

                737

                738

                739

                740
                741

                742

                743

                744

                745

                746

                747

                748

                749

                750
                751

                752

                753

                754

                755

                756

                757

                758

                759

                760
                761

                762

                763

                764

                765

                766

                767

                768

                769

                770
                771

                772

                773

                774

                775

                776

                777

                778

                779

                780
                781

                782

                783

                784

                785

                786

                787

                788

                789

                790
                791

                792

                793

                794

                795

                796

                797

                798

                799

                800
                801

                802

                803

                804

                805

                806

                807

                808

                809

                810
                811

                812

                813

                814

                815

                816

                817

                818

                819

                820
                821

                822

                823

                824

                825

                826

                827

                828

                829

                830
                831

                832

                833

                834

                835

                836

                837

                838

                839

                840
                841

                842

                843

                844

                845

                846

                847

                848

                849

                850
                851

                852

                853

                854

                855

                856

                857

                858

                859

                860
                861

                862

                863

                864

                865

                866

                867

                868

                869

                870
                871

                872

                873

                874

                875

                876

                877

                878

                879

                880
                881

                882

                883

                884

                885

                886

                887

                888

                889

                890
                891

                892

                893

                894

                895

                896

                897

                898

                899

                900
                901

                902

                903

                904

                905

                906

                907

                908

                909

                910
                911

                912

                913

                914

                915

                916

                917

                918

                919

                920
                921

                922

                923

                924

                925

                926

                927

                928

                929

                930
                931

                932

                933

                934

                935

                936

                937

                938

                939

                940
                941

                942

                943

                944

                945

                946

                947

                948

                949

                950
                951

                952

                953

                954

                955

                956

                957

                958

                959

                960
                961

                962

                963

                964

                965

                966

                967

                968

                969

                970
                971

                972

                973

                974

                975

                976

                977

                978

                979

                980
                981

                982

                983

                984

                985

                986

                987

                988

                989

                990
                991

                992

                993

                994

                995

                996

                997

                998

                999

                1000
                1001

                1002

                1003

                1004

                1005

                1006

                1007

                1008

                1009

                1010
                1011

                1012

                1013

                1014

                1015

                1016

                1017

                1018

                1019

                1020
                1021

                1022

                1023

                1024

                1025

                1026

                1027

                1028

                1029

                1030
                1031

                1032

                1033

                1034

                1035

                1036

                1037

                1038

                1039

                1040
                1041

                1042

                1043

                1044

                1045

                1046

                1047

                1048

                1049

                1050
                1051

                1052

                1053

                1054

                1055

                1056

                1057

                1058

                1059

                1060
                1061

                1062

                1063

                1064

                1065

                1066

                1067

                1068

                1069

                1070
                1071

                1072

                1073

                1074

                1075

                1076

                1077

                1078

                1079

                1080
                1081

                1082

                1083

                1084

                1085

                1086

                1087

                1088

                1089

                1090
                1091

                1092

                1093

                1094

                1095

                1096

                1097

                1098

                1099

                1100
                1101

                1102

                1103

                1104

                1105

                1106

                1107

                1108

                1109

                1110
                1111

                1112

                1113

                1114

                1115

                1116

                1117

                1118

                1119

                1120
                1121

                1122

                1123

                1124

                1125

                1126

                1127

                1128

                1129

                1130
                1131

                1132

                1133

                1134

                1135

                1136

                1137

                1138

                1139

                1140
                1141

                1142

                1143

                1144

                1145

                1146

                1147

                1148

                1149

                1150
                1151

                1152

                1153

                1154

                1155

                1156

                1157

                1158

                1159

                1160
                1161

                1162

                1163

                1164

                1165

                1166

                1167

                1168

                1169

                1170
                1171

                1172

                1173

                1174

                1175

                1176

                1177

                1178

                1179

                1180
                1181

                1182

                1183

                1184

                1185

                1186

                1187

                1188

                1189

                1190
                1191

                1192

                1193

                1194

                1195

                1196

                1197

            ID: 55659
            +Wild Imp (Inner Demons/To Hell and Back)
                1

                2

                3

                4

                5

                6

                7

                8

                9

                10
                11

                12

                13

                14

                15

                16

                17

                18

                19

                20
                21

                22

                23

                24

                25

                26

                27

                28

                29

                30
                31

                32

                33

                34

                35

                36

                37

                38

                39

                40
                41

                42

                43

                44

                45

                46

                47

                48

                49

                50
                51

                52

                53

                54

                55

                56

                57

                58

                59

                60
                61

                62

                63

                64

                65

                66

                67

                68

                69

                70
                71

                72

                73

                74

                75

                76

                77

                78

                79

                80
                81

                82

                83

                84

                85

                86

                87

                88

                89

                90
                91

                92

                93

                94

                95

                96

                97

                98

                99

                100
                101

                102

                103

                104

                105

                106

                107

                108

                109

                110
                111

                112

                113

                114

                115

                116

                117

                118

                119

                120
                121

                122

                123

                124

                125

                126

                127

                128

                129

                130
                131

                132

                133

                134

                135

                136

                137

                138

                139

                140
                141

                142

                143

                144

                145

                146

                147

                148

                149

                150
                151

                152

                153

                154

                155

                156

                157

                158

                159

                160
                161

                162

                163

                164

                165

                166

                167

                168

                169

                170
                171

                172

                173

                174

                175

                176

                177

                178

                179

                180
                181

                182

                183

                184

                185

                186

                187

                188

                189

                190
                191

                192

                193

                194

                195

                196

                197

                198

                199

                200
                201

                202

                203

                204

                205

                206

                207

                208

                209

                210
                211

                212

                213

                214

                215

                216

                217

                218

                219

                220
                221

                222

                223

                224

                225

                226

                227

                228

                229

                230
                231

                232

                233

                234

                235

                236

                237

                238

                239

                240
                241

                242

                243

                244

                245

                246

                247

                248

                249

                250
                251

                252

                253

                254

                255

                256

                257

                258

                259

                260
                261

                262

                263

                264

                265

                266

                267

                268

                269

                270
                271

                272

                273

                274

                275

                276

                277

                278

                279

                280
                281

                282

                283

                284

                285

                286

                287

                288

                289

                290
                291

                292

                293

                294

                295

                296

                297

                298

                299

                300
                301

                302

                303

                304

                305

                306

                307

                308

                309

                310
                311

                312

                313

                314

                315

                316

                317

                318

                319

                320
                321

                322

                323

                324

                325

                326

                327

                328

                329

                330
                331

                332

                333

                334

                335

                336

                337

                338

                339

                340
                341

                342

                343

                344

                345

                346

                347

                348

                349

                350
                351

                352

                353

                354

                355

                356

                357

                358

                359

                360

            ID: 143622
        Alleria Windrunner

        ID: 123187






Friendlies Enemies
Summary
Damage Done
Damage Taken
Healing
Threat
Buffs
Debuffs
Deaths
Interrupts
Dispels
Resources
Casts

    +Ignore Events After Player Deaths
        Ignore Events After Player Deaths
        Ignore Events After A Called Wipe

Filter Expression:

    +
        Heroism
        Downtime
        Player Deaths
        Player Resurrections
        Boss Deaths
        NPC Deaths
        Show All Entries
        Hide All Entries

ZoomPer Second AmountDamage DoneDamage TakenHealing Done00:0010:0020:0005:0015:0025:000M1M2M3M
Group Composition Item Level: 288.60
Tanks:	Smörisse
DPS:	Nørskenrmt Powerpegging Benafflíc
Healers:	Snowblast
Damage Done By Source
Name

Amount

DPS

Benafflíc
27.13%
343.23m 	193,518.5
Nørskenrmt
26.07%
329.80m 	185,948.1
Powerpegging
24.44%
309.16m 	174,306.9
Smörisse
15.20%
192.26m 	108,399.0
Snowblast
7.17%
90.69m 	51,130.6
Healing Done By Source
Name

Amount

HPS

Snowblast
56.13%
207.00m 	116,711.4
Smörisse
30.24%
111.54m 	62,887.1
Nørskenrmt
4.78%
17.65m 	9,949.4
Powerpegging
4.44%
16.36m 	9,224.9
Benafflíc
4.41%
16.27m 	9,172.1
Damage Taken By Ability
Name

Amount

DTPS

Melee
27.75%
100.74m 	56,799.8
Pulsing Void
7.48%
27.15m 	15,307.7
Dirge of Despair
7.25%
26.30m 	14,831.1
Chains of Subjugation
6.56%
23.83m 	13,433.0
Overload
4.48%
16.25m 	9,162.3
Void Storm
4.22%
15.34m 	8,646.5
Void Expulsion
4.03%
14.65m 	8,259.3
Oozing Slam
3.14%
11.39m 	6,422.3
Eruption
3.07%
11.14m 	6,281.4
Mind Flay
3.03%
11.01m 	6,206.7
Void Bomb
2.68%
9.74m 	5,493.1
Void Infusion
2.52%
9.16m 	5,164.8
Mass Void Infusion
2.39%
8.69m 	4,898.8
Rupture
2.19%
7.96m 	4,485.7
Shadow Pounce
2.14%
7.75m 	4,371.5
Rift Tear
1.60%
5.82m 	3,283.8
Devouring Frenzy
1.47%
5.32m 	2,999.0
Crashing Void
1.45%
5.27m 	2,968.8
Unstable Entrance
1.31%
4.77m 	2,687.4
Backstab
1.29%
4.69m 	2,646.9
Umbral Nova
0.95%
3.46m 	1,951.2
Discordant Beam
0.82%
2.97m 	1,676.3
Phase Dash
0.70%
2.53m 	1,428.7
Void Bash
0.66%
2.38m 	1,343.6
Relentless Pursuit
0.57%
2.08m 	1,170.3
Dirge of Despair
0.57%
2.07m 	1,169.0
Stretch Time
0.54%
1.94m 	1,095.9
Backlash
0.52%
1.90m 	1,073.4
Void Slash
0.52%
1.90m 	1,073.2
Decimate
0.42%
1.53m 	864.3
Abyssal Lance
0.40%
1.45m 	817.1
Abyssal Lance
0.40%
1.45m 	817.0
Abyssal Lance
0.40%
1.45m 	817.0
Leeching Void
0.40%
1.44m 	810.4
Umbral Waves
0.38%
1.39m 	785.0
Mind Blast
0.31%
1.11m 	625.7
Void Slash
0.26%
958.8k 	540.6
Note of Despair
0.26%
942.3k 	531.3
Void Slash
0.26%
939.1k 	529.5
Umbral Bolt
0.21%
750.4k 	423.1
Fel Armor
0.20%
736.7k 	415.4
Swoop
0.09%
338.7k 	190.9
Burning Rush
0.06%
209.1k 	117.9
Falling
0.04%
160.0k 	90.2
Deaths
Name

Killing Blow

Time

No data available in table
Characters
Tanks

Class Talents

Spec Talents

Gear

Combat Potions

Healthstones & Potions
Smörisse
Druid (Guardian)
287 Item Level
Rake
Frenzied Regeneration
Ursoc's Spirit
Grievous Wounds
Swipe
Remove Corruption
Verdant Heart
Nurturing Instinct 2
Killer Instinct 2
Ironfur
Improved Barkskin
Natural Recovery
Thick Hide
Skull Bash
Wild Charge
Soothe
Aessina's Renewal
Typhoon
Stampeding Roar
Well-Honed Instincts
Feline Swiftness
Matted Fur 2
Ursol's Vortex
Lycara's Teachings 2
Gift of the Wild
Oakskin
Lore of the Grove
Improved Stampeding Roar
Incapacitating Roar
Symbiotic Relationship
Circle of the Wild
Heart of the Wild
Fluid Form

Maul
Gore
Survival Instincts
Persistence
Dream Guide
Vulnerable Flesh
Berserk
Innate Resolve
After the Wildfire
Survival of the Fittest 2
Scintillating Moonlight 2
Reinvigoration 1
Ursol's Warding
Natural Resilience
Reinforced Fur
Gift of an Ancient Guardian
Ursoc's Endurance
Rend and Tear
Lunar Beam
Fury of Nature 2
Blood Frenzy
Twin Moonfire
Flashing Claws 2
Ursoc's Fury
Elune's Favored
Incarnation: Guardian of Ursoc
Ursoc's Guidance
Galactic Guardian
Sundering Roar
Waking Nightmare
		4 	0
DPS

Class Talents

Spec Talents

Gear

Combat Potions

Healthstones & Potions
Nørskenrmt
Demon Hunter (Devourer)
288 Item Level
Vengeful Retreat
Sigil of Misery
Voidblade
Unrestrained Fury
Shattered Restoration
Bouncing Glaives
Imprison
Improved Disrupt
Consume Magic
Void Nova
Aura of Pain
Disrupting Fury
Blazing Path
Focused Ire
Soul Rending 2
Felfire Haste
Pursuit
Soul Cleanse
Illidari Knowledge 2
Will of the Illidari 2
Guile
Remorseless
Internal Struggle
First In, Last Out
Furious
Demon Muzzle
Soul Splitter 2
Darkness
Final Breath
Pitch Black
Demonic Resilience

Void Ray
Soul Immolation
Predator's Thirst
Void Metamorphosis
Feast of Souls
Tempered Soul
Collapsing Star
Moment of Craving
Soulshaper
Waste Not
Entropy
Sweet Suffering 2
Sweet Release 2
Improved Consume
Voidpurge
Focused Ray
Voidrage 2
Devourer's Edge 2
Demonic Instinct 2
Rolling Torment
Impending Apocalypse
Calamitous
Star Fragments
Eradicate
Emptiness
Midnight 1
Midnight 2
Midnight 1
		5 	0
Powerpegging
Evoker (Augmentation)
290 Item Level
Expunge
Obsidian Scales
Landslide
Natural Convergence
Verdant Embrace
Heavy Wingbeats
Obsidian Bulwark
Innate Magic 2
Cauterizing Flame
Inner Radiance
Clobbering Sweep
Attuned to the Dream 2
Instinctive Arcana 2
Tip the Scales
Draconic Legacy
Extended Flight 2
Inherent Resistance 2
Exuberance
Blast Furnace
Panacea
Renewing Blaze
Rescue
Stretch Time
Source of Magic
Foci of Life
Leaping Flames
Aerial Mastery
Potent Mana
Terror of the Skies
Zephyr
Spatial Paradox

Ebon Might
Eruption
Essence Burst
Ricocheting Pyroclast
Essence Attunement
Pupil of Alexstrasza
Quell
Upheaval
Defy Fate
Breath of Eons
Power Nexus
Volcanism
Ignition Rush
Chrono Ward
Timelessness
Draconic Attunements
Prescience
Tectonic Locus
Momentum Shift
Fate Mirror
Hoarded Power
Anachronism
Inferno's Blessing
Accretion
Time Skip
Imminent Destruction
Rumbling Earth
Plot the Future
Interwoven Threads
Mighty Inferno
Duplicate 1
Duplicate 2
Duplicate 1
		6 	5
Benafflíc
Warlock (Demonology)
290 Item Level
Fel Domination
Burning Rush
Soul Leech
Fiendish Stride
Fel Armor 2
Demon Skin 2
Demonic Fortitude
Demonic Embrace
Mortal Coil
Curse of Tongues
Banish
Demonic Circle
Improved Mortal Coil
Pact of the Annihilan
Pact of the Satyr
Dark Pact
Abyss Walker
Fortified Soul
Empowered Healthstone
Foul Mouth
Frequent Donor
Pact of the Eredar
Pact of the Nathrezim
Demonic Gateway
Strength of Will
Shadowfury
Swift Artifice
Soul Link 2
Oppressive Darkness
Pact of Gluttony
Soulburn
Blight of Tongues

Hand of Gul'dan
Call Dreadstalkers
Demoniac
Fel Intellect
Dreadlash
Implosion
Imp-erator
Summon Felguard
Carnivorous Stalkers 2
Rune of Shadows 2
Infernal Rapidity
Summon Demonic Tyrant
Demonic Brutality
Blighted Maw
Imp Gang Boss
Inner Demons
Flametouched
Antoran Armaments
Tyrant's Oblation
Demonic Calling 2
Master Summoner
Reign of Tyranny
Summon Vilefiend
Grimoire: Imp Lord
Hellbent Commander
Mark of F'harg
To Hell and Back
Dominion of Argus 1
Dominion of Argus 2
Dominion of Argus 1
		5 	6
Healers

Class Talents

Spec Talents

Gear

Combat Potions

Healthstones & Potions
Snowblast
Monk (Mistweaver)
288 Item Level
Soothing Mist
Paralysis
Rising Sun Kick
Elusive Mists
Tiger's Lust
Fast Feet
Improved Detox
Grace of the Crane
Calming Presence
Bounding Agility
Ancient Arts 2
Vivacious Vivification
Chi Warding
Reinvigoration
Transcendence
Celerity
Chi Wave
Ring of Peace
Ferocity of Xuen 2
Tiger Tail Sweep
Dance of the Wind
Yu'lon's Grace
Fortifying Brew
Mist Caller
Save Them All
Expeditious Fortification
Vital Clarity
Diffuse Magic
Chi Proficiency 2
Martial Instincts 2
Lighter Than Air
Flow of Chi

Enveloping Mist
Misty Coalescence
Thunder Focus Tea
Life Cocoon
Invigorating Mists
Mana Tea
Crane Style
Healing Elixir
Revival
Calming Coalescence
Energizing Brew
Way of the Crane
Mists of Life
Rapid Diffusion 2
Invoke Chi-Ji, the Red Crane
Mist Wrap
Chrysalis
Lotus Infusion
Celestial Harmony
Gift of the Celestials
Focused Thunder
Sheilun's Gift
Morning Breeze
Pool of Mists
Jadefire Teachings
Veil of Pride
Secret Infusion 2
Emperor's Elixir
Dance of Chi-Ji
Rising Mist
Legacy of Wisdom
Mistline
		3 	3
Warcraft Logs Logo
HEY THERE.We all want Warcraft Logs to remain free.
We work hard to offer you the best possible experience.
Help us by disabling your Adblock or supporting us on Patreon.
