

    Midnight
    Mists of Pandaria
    Classic Fresh
    Season of Discovery
    Vanilla

Warcraft Logs
Enter a player, guild, or realm
Enter a player, guild, or realm
Search
122
Download Archon App

    Deutsch
    English
    Español
    Français
    Italiano
    Português (Brasil)
    Русский
    한국어
    繁體中文
    简体中文

Mythic+ Season 1
Created by BudoBoy07 on Sat May 23 2026

    Edit Report
    Delete Report
    Make Private
    View in Anonymous Mode

Settings
+

    VS / DR / MQD
    BudoBoy07 - (Public) - 42 minutes ago
    Mythic+ Season 1
    BudoBoy07 - (Public) - 42 minutes ago
    Sporefall
    BudoBoy07 - (Public) - 2 months ago
    Sporefall
    BudoBoy07 - (Public) - 2 months ago

BudoBoy07
Personal Logs
+
Magisters' Terrace+
+20 [Fortified] [Tyrannical] [Xal'atath's Guile] 1 (32:39) 1:09 AM

    + Bosses and Trash
        Bosses and Trash
        Bosses
        Trash
        Arcanotron Custos
        Seranel Sunlash
        Gemellus
        Degentrius
        Pull 1 (0:42) +0:13
        Arcane Sentry
        Pull 2 (2:00) +0:59
        Blazing Pyromancer
        Pull 3 (1:29) +3:11
        Arcane Sentry
        Pull 4 (1:08) +4:49
        Blazing Pyromancer
        Pull 5 (0:02) +6:04
        Brightscale Wyrm
        Pull 6 (4:06) +6:06
        Arcanotron Custos
        Pull 7 (1:14) +10:19
        Runed Spellbreaker
        Pull 8 (0:53) +11:37
        Runed Spellbreaker
        Pull 9 (1:16) +12:34
        Runed Spellbreaker
        Pull 10 (3:17) +14:03
        Seranel Sunlash
        Pull 11 (5:49) +17:48
        Devouring Tyrant
        Pull 12 (2:46) +23:45
        Gemellus
        Pull 13 (0:59) +26:36
        Hollowsoul Shredder
        Pull 14 (1:13) +27:49
        Hollowsoul Shredder
        Pull 15 (0:01) +29:17
        Unknown
        Pull 16 (3:00) +29:38
        Degentrius

Entire Dungeon

    + All Friendlies
        +Jééy
            +Abomination
                1

                2

                3

                4

                5

                6

                7

                8

                9

                10
                11

                12

                13

                14

                15

                16

                17

            ID: 149555
            +High Inquisitor Whitemane
                1

                2

                3

                4

                5

                6

                7

                8

                9

                10
                11

                12

                13

                14

                15

                16

                17

                18

                19

                20
                21

                22

                23

                24

                25

                26

                27

                28

                29

                30
                31

                32

                33

                34

                35

                36

                37

                38

                39

                40
                41

                42

                43

                44

                45

                46

                47

                48

                49

                50
                51

                52

            ID: 221633
            +Highlord Darion Mograine
                1

                2

                3

                4

                5

                6

                7

                8

                9

                10
                11

                12

                13

                14

                15

                16

                17

                18

                19

                20
                21

                22

                23

                24

                25

                26

                27

                28

                29

                30
                31

                32

                33

                34

                35

                36

                37

                38

                39

                40
                41

                42

                43

                44

                45

                46

                47

                48

                49

                50

            ID: 221632
            +King Thoras Trollbane
                1

                2

                3

                4

                5

                6

                7

                8

                9

                10
                11

                12

                13

                14

                15

                16

                17

                18

                19

                20
                21

                22

                23

                24

                25

                26

                27

                28

                29

                30
                31

                32

                33

                34

                35

                36

                37

                38

                39

                40
                41

                42

                43

                44

                45

                46

                47

                48

                49

                50
                51

                52

                53

            ID: 221635
            +Lesser Ghoul
                1

                2

                3

                4

                5

                6

                7

                8

                9

                10
                11

                12

                13

                14

                15

                16

                17

                18

                19

                20
                21

                22

                23

                24

                25

                26

                27

                28

                29

                30
                31

                32

                33

                34

                35

                36

                37

                38

                39

                40
                41

                42

                43

                44

                45

                46

                47

                48

                49

                50
                51

                52

                53

                54

                55

                56

                57

                58

                59

                60
                61

                62

                63

                64

                65

                66

                67

                68

                69

                70
                71

                72

                73

                74

                75

                76

                77

                78

                79

                80
                81

                82

                83

                84

                85

                86

                87

                88

                89

                90
                91

                92

                93

                94

                95

                96

                97

                98

                99

                100
                101

                102

                103

                104

                105

                106

                107

                108

                109

                110
                111

                112

                113

                114

                115

                116

                117

                118

                119

                120
                121

                122

                123

                124

                125

                126

                127

                128

                129

                130
                131

                132

                133

                134

                135

                136

                137

                138

                139

                140
                141

                142

                143

                144

                145

                146

                147

                148

                149

                150
                151

                152

                153

                154

                155

                156

                157

                158

                159

                160
                161

                162

                163

                164

                165

                166

                167

                168

                169

                170
                171

                172

                173

                174

                175

                176

                177

                178

                179

                180
                181

                182

                183

                184

                185

                186

                187

                188

                189

                190
                191

                192

                193

                194

                195

                196

                197

                198

                199

                200
                201

                202

                203

                204

                205

                206

                207

                208

                209

                210
                211

                212

                213

                214

                215

                216

                217

                218

                219

                220
                221

                222

                223

                224

                225

                226

                227

                228

                229

                230
                231

                232

                233

                234

                235

                236

                237

                238

                239

                240
                241

                242

                243

                244

                245

                246

                247

                248

                249

                250
                251

                252

                253

                254

                255

                256

                257

                258

                259

                260
                261

                262

                263

                264

                265

                266

                267

                268

                269

                270
                271

                272

                273

                274

                275

                276

                277

                278

                279

                280
                281

                282

                283

                284

                285

                286

                287

                288

                289

                290
                291

                292

                293

                294

                295

                296

                297

                298

                299

                300
                301

                302

                303

                304

                305

                306

                307

                308

                309

                310
                311

                312

                313

                314

                315

                316

                317

                318

                319

                320
                321

                322

                323

                324

                325

                326

                327

                328

                329

                330
                331

                332

                333

                334

                335

                336

                337

                338

                339

                340
                341

                342

                343

                344

                345

                346

                347

                348

                349

                350
                351

                352

                353

                354

                355

                356

                357

                358

                359

                360
                361

                362

                363

                364

                365

                366

                367

                368

                369

                370
                371

                372

                373

                374

                375

                376

                377

                378

                379

                380
                381

                382

            ID: 258578
            +Lesser Ghoul
                1

                2

                3

                4

                5

                6

                7

                8

                9

                10
                11

                12

                13

                14

                15

                16

                17

                18

                19

                20
                21

                22

                23

                24

                25

                26

                27

                28

                29

                30
                31

                32

                33

                34

                35

                36

                37

                38

                39

                40
                41

                42

                43

                44

                45

                46

                47

                48

                49

                50
                51

                52

                53

                54

                55

                56

                57

                58

                59

                60
                61

                62

                63

                64

                65

                66

                67

                68

                69

                70
                71

                72

                73

                74

                75

                76

                77

                78

                79

                80
                81

                82

                83

                84

                85

                86

                87

                88

                89

                90
                91

                92

                93

                94

                95

                96

                97

                98

                99

                100
                101

                102

                103

                104

                105

                106

                107

                108

                109

                110
                111

                112

                113

                114

                115

                116

                117

                118

                119

                120
                121

                122

                123

                124

                125

                126

                127

                128

                129

                130
                131

                132

                133

                134

                135

                136

                137

                138

                139

                140
                141

                142

                143

                144

                145

                146

                147

                148

                149

                150
                151

                152

                153

                154

                155

                156

                157

                158

                159

                160
                161

                162

                163

                164

                165

                166

                167

                168

                169

                170
                171

                172

                173

                174

                175

                176

                177

                178

                179

                180
                181

                182

                183

                184

                185

                186

                187

                188

                189

                190
                191

                192

                193

                194

                195

                196

                197

                198

                199

                200
                201

                202

                203

                204

                205

                206

                207

                208

                209

                210
                211

                212

                213

                214

                215

                216

                217

                218

                219

                220
                221

                222

                223

                224

                225

                226

                227

                228

                229

                230
                231

                232

                233

                234

                235

                236

                237

                238

                239

                240
                241

                242

                243

                244

                245

                246

                247

                248

                249

                250
                251

                252

                253

                254

                255

                256

                257

                258

                259

                260
                261

                262

                263

                264

                265

                266

                267

                268

                269

                270
                271

                272

                273

                274

                275

                276

                277

                278

                279

                280
                281

                282

                283

                284

                285

                286

                287

                288

                289

                290
                291

                292

                293

                294

                295

                296

                297

                298

                299

                300
                301

                302

                303

                304

                305

                306

                307

                308

                309

                310
                311

                312

                313

                314

                315

                316

                317

                318

                319

                320
                321

                322

                323

                324

                325

                326

                327

                328

                329

                330
                331

                332

                333

                334

                335

                336

                337

                338

                339

                340
                341

                342

                343

                344

                345

                346

                347

                348

                349

                350
                351

                352

                353

                354

                355

                356

                357

                358

                359

                360
                361

                362

                363

                364

                365

                366

                367

                368

                369

                370
                371

                372

                373

                374

                375

                376

                377

                378

                379

                380
                381

                382

                383

                384

                385

                386

                387

                388

                389

                390
                391

                392

                393

                394

                395

                396

                397

                398

                399

                400
                401

                402

                403

                404

                405

                406

                407

                408

                409

                410
                411

                412

                413

                414

                415

                416

                417

                418

                419

                420
                421

                422

                423

                424

                425

                426

                427

                428

                429

                430
                431

                432

                433

                434

                435

                436

                437

                438

                439

                440
                441

                442

                443

                444

                445

                446

                447

                448

                449

                450
                451

                452

                453

                454

                455

                456

                457

                458

                459

                460
                461

                462

                463

                464

                465

                466

                467

                468

                469

                470
                471

                472

                473

                474

                475

                476

                477

                478

                479

                480
                481

                482

                483

                484

                485

                486

                487

                488

                489

                490
                491

                492

                493

                494

                495

                496

                497

                498

                499

                500
                501

                502

                503

                504

                505

                506

                507

                508

                509

                510
                511

                512

                513

                514

                515

                516

                517

                518

                519

                520
                521

                522

                523

                524

                525

                526

                527

                528

                529

                530
                531

                532

                533

                534

                535

                536

                537

                538

                539

                540
                541

                542

                543

                544

                545

                546

                547

                548

                549

                550
                551

                552

                553

                554

                555

                556

                557

                558

                559

                560
                561

                562

                563

                564

                565

                566

                567

                568

                569

                570
                571

                572

                573

                574

                575

                576

                577

                578

                579

                580
                581

                582

                583

                584

                585

                586

                587

                588

                589

                590
                591

                592

                593

                594

                595

                596

                597

                598

                599

                600
                601

                602

                603

                604

                605

                606

                607

                608

                609

                610
                611

                612

                613

                614

                615

                616

                617

                618

                619

                620
                621

                622

                623

                624

                625

                626

                627

                628

                629

                630
                631

                632

                633

                634

                635

                636

                637

                638

                639

                640
                641

                642

                643

                644

                645

                646

                647

                648

                649

                650
                651

                652

                653

                654

                655

                656

                657

                658

                659

                660
                661

                662

                663

                664

                665

                666

                667

                668

                669

                670
                671

                672

                673

                674

                675

                676

                677

                678

                679

                680
                681

                682

                683

                684

                685

                686

                687

                688

                689

                690
                691

                692

                693

                694

                695

                696

                697

                698

                699

                700
                701

                702

                703

                704

                705

                706

                707

                708

                709

                710
                711

                712

                713

                714

                715

                716

                717

                718

                719

                720
                721

                722

                723

                724

                725

                726

                727

                728

                729

                730
                731

                732

                733

                734

                735

                736

                737

                738

                739

                740
                741

                742

                743

                744

                745

                746

                747

                748

                749

                750
                751

                752

                753

                754

                755

                756

                757

                758

                759

                760
                761

                762

                763

                764

                765

                766

                767

                768

                769

                770
                771

                772

                773

                774

                775

                776

                777

                778

                779

                780
                781

                782

                783

                784

                785

                786

                787

                788

                789

                790
                791

                792

                793

                794

                795

                796

                797

                798

                799

                800
                801

                802

                803

                804

                805

                806

                807

                808

                809

                810
                811

                812

                813

                814

                815

                816

                817

                818

                819

                820
                821

                822

                823

                824

                825

                826

                827

                828

                829

                830
                831

                832

                833

                834

                835

                836

                837

                838

                839

                840
                841

                842

                843

                844

                845

                846

                847

                848

                849

                850
                851

                852

                853

                854

                855

                856

                857

                858

                859

                860
                861

                862

                863

                864

                865

                866

                867

                868

                869

                870
                871

                872

                873

                874

                875

                876

                877

                878

                879

                880
                881

                882

                883

                884

                885

                886

                887

                888

                889

                890
                891

                892

                893

                894

                895

                896

                897

                898

                899

                900
                901

                902

                903

                904

                905

                906

                907

                908

                909

                910
                911

                912

                913

                914

                915

                916

                917

                918

                919

                920
                921

                922

                923

                924

                925

                926

                927

                928

                929

                930
                931

                932

                933

                934

                935

                936

                937

                938

                939

                940
                941

                942

                943

                944

                945

                946

                947

                948

                949

                950
                951

                952

                953

                954

                955

                956

                957

                958

                959

                960
                961

                962

                963

                964

                965

                966

                967

                968

                969

                970
                971

                972

                973

                974

                975

                976

                977

                978

                979

                980
                981

                982

                983

                984

                985

                986

                987

                988

                989

                990
                991

                992

                993

                994

                995

                996

                997

                998

                999

                1000
                1001

                1002

                1003

                1004

                1005

                1006

                1007

                1008

                1009

                1010
                1011

                1012

                1013

                1014

                1015

                1016

                1017

                1018

                1019

                1020
                1021

                1022

                1023

                1024

                1025

                1026

                1027

                1028

                1029

                1030
                1031

                1032

                1033

                1034

                1035

                1036

                1037

                1038

                1039

                1040
                1041

                1042

                1043

                1044

                1045

                1046

                1047

                1048

                1049

                1050
                1051

                1052

                1053

                1054

                1055

                1056

                1057

                1058

                1059

                1060
                1061

                1062

                1063

                1064

                1065

                1066

                1067

                1068

                1069

                1070
                1071

                1072

                1073

                1074

                1075

                1076

                1077

                1078

                1079

                1080
                1081

                1082

                1083

                1084

                1085

                1086

                1087

                1088

                1089

                1090
                1091

                1092

                1093

                1094

                1095

                1096

                1097

                1098

                1099

                1100
                1101

                1102

                1103

                1104

                1105

                1106

                1107

                1108

                1109

                1110
                1111

                1112

                1113

                1114

                1115

                1116

                1117

                1118

                1119

                1120

            ID: 237409
            Limbtaker
            +Magus of the Dead
                1

                2

                3

                4

                5

                6

                7

                8

                9

                10
                11

                12

                13

                14

                15

                16

                17

                18

                19

                20
                21

                22

                23

                24

                25

                26

                27

                28

                29

                30
                31

                32

                33

                34

                35

                36

                37

                38

                39

                40
                41

                42

                43

                44

                45

                46

                47

                48

                49

                50
                51

                52

                53

                54

                55

                56

                57

                58

                59

                60
                61

                62

                63

                64

                65

                66

                67

                68

                69

                70
                71

                72

                73

                74

                75

                76

                77

                78

                79

                80
                81

                82

                83

                84

                85

                86

                87

                88

                89

                90
                91

                92

                93

                94

                95

                96

                97

                98

                99

                100
                101

                102

                103

                104

                105

                106

                107

                108

                109

                110
                111

                112

                113

                114

                115

                116

                117

                118

                119

                120
                121

                122

                123

                124

                125

                126

                127

                128

                129

                130
                131

                132

                133

                134

                135

                136

                137

                138

                139

                140
                141

                142

                143

                144

                145

                146

                147

                148

                149

                150
                151

                152

                153

                154

                155

                156

                157

                158

                159

                160
                161

                162

                163

                164

                165

                166

                167

                168

                169

                170
                171

                172

                173

                174

                175

                176

                177

                178

                179

                180
                181

                182

                183

                184

                185

                186

                187

                188

                189

                190
                191

                192

                193

                194

                195

                196

                197

                198

                199

                200
                201

                202

                203

                204

                205

                206

                207

                208

                209

                210
                211

                212

                213

                214

                215

                216

                217

                218

                219

                220
                221

                222

                223

                224

                225

                226

                227

                228

                229

                230
                231

                232

                233

                234

                235

                236

                237

                238

                239

                240
                241

                242

                243

                244

                245

                246

                247

                248

                249

                250
                251

                252

                253

                254

                255

                256

                257

                258

                259

                260
                261

                262

                263

                264

                265

                266

                267

                268

                269

                270
                271

                272

                273

                274

                275

                276

                277

                278

                279

                280
                281

                282

                283

                284

                285

                286

                287

                288

                289

                290
                291

                292

                293

                294

                295

                296

                297

                298

                299

                300
                301

                302

                303

                304

                305

                306

                307

                308

                309

                310
                311

                312

                313

                314

                315

                316

                317

                318

                319

                320
                321

                322

                323

                324

                325

                326

                327

                328

                329

                330
                331

                332

                333

                334

                335

                336

                337

                338

                339

                340
                341

                342

                343

                344

                345

                346

                347

                348

                349

                350
                351

                352

                353

                354

                355

                356

                357

                358

                359

                360
                361

                362

                363

                364

                365

                366

                367

                368

                369

                370
                371

                372

                373

                374

                375

                376

                377

                378

                379

                380
                381

                382

                383

                384

                385

                386

                387

                388

                389

                390
                391

                392

                393

                394

                395

                396

                397

                398

                399

                400
                401

                402

                403

                404

                405

                406

                407

                408

                409

                410
                411

                412

                413

                414

                415

                416

                417

                418

                419

                420
                421

                422

                423

                424

                425

                426

                427

                428

                429

                430
                431

            ID: 163366
            +Nazgrim
                1

                2

                3

                4

                5

                6

                7

                8

                9

                10
                11

                12

                13

                14

                15

                16

                17

                18

                19

                20
                21

                22

                23

                24

                25

                26

                27

                28

                29

                30
                31

                32

                33

                34

                35

                36

                37

                38

                39

                40
                41

                42

                43

                44

                45

                46

                47

                48

            ID: 221634
        Voidzerker
        +Furrytrac
            +Dread Shade
                1

                2

                3

                4

                5

                6

                7

                8

                9

                10
                11

                12

                13

                14

                15

                16

                17

                18

                19

                20
                21

                22

                23

                24

                25

                26

                27

                28

                29

                30
                31

                32

                33

                34

                35

                36

                37

                38

                39

                40
                41

                42

                43

                44

                45

                46

                47

                48

                49

                50
                51

                52

                53

                54

                55

            ID: 251422
        +Powerpegging
            +Dracthyr Commando
                1

                2

                3

                4

                5

                6

                7

                8

                9

                10
                11

                12

                13

                14

                15

                16

                17

                18

                19

                20
                21

                22

                23

                24

                25

                26

                27

                28

                29

                30
                31

                32

                33

                34

                35

                36

                37

                38

                39

                40
                41

                42

                43

                44

                45

                46

                47

                48

                49

                50
                51

                52

            ID: 219827
            +Future Self
                1

                2

                3

                4

                5

                6

                7

                8

                9

                10
                11

                12

                13

                14

                15

                16

                17

                18

                19

                20
                21

                22

                23

                24

                25

                26

                27

            ID: 253466
        +Stealthsama
            +Chi-Ji
                1

                2

                3

                4

                5

                6

                7

                8

                9

                10
                11

                12

                13

                14

                15

            ID: 166949
        +Magister Umbric
            Groups:
            1

            2

            3

            4
            Instances:
            1

            2

        ID: 234148






Friendlies Enemies
Summary
Damage Done
Damage Taken
Healing
Threat
Buffs
Debuffs
Deaths
Interrupts
Dispels
Resources
Casts

    +Ignore Events After Player Deaths
        Ignore Events After Player Deaths
        Ignore Events After A Called Wipe

Filter Expression:

    +
        Heroism
        Downtime
        Player Deaths
        Player Resurrections
        Boss Deaths
        NPC Deaths
        Show All Entries
        Hide All Entries

ZoomPer Second AmountDamage DoneDamage TakenHealing Done00:0005:0010:0015:0020:0025:0030:000k500k1,000k1,500k2,000k2,500k
Group Composition Item Level: 288.60
Tanks:	Furrytrac
DPS:	Jééy Voidzerker Powerpegging
Healers:	Stealthsama
Damage Done By Source
Name

Amount

DPS

Powerpegging
27.18%
367.57m 	187,556.1
Jééy
26.77%
362.01m 	184,716.4
Voidzerker
25.29%
342.05m 	174,533.8
Furrytrac
14.40%
194.81m 	99,403.6
Stealthsama
6.36%
86.02m 	43,893.5
Healing Done By Source
Name

Amount

HPS

Stealthsama
55.16%
187.37m 	95,604.6
Furrytrac
31.08%
105.56m 	53,860.2
Powerpegging
5.35%
18.19m 	9,280.2
Voidzerker
5.08%
17.27m 	8,810.8
Jééy
3.32%
11.28m 	5,758.0
Damage Taken By Ability
Name

Amount

DTPS

Melee
27.87%
95.27m 	48,613.3
Runic Glaive
7.80%
26.66m 	13,603.3
Devouring Entropy
4.94%
16.89m 	8,616.6
Ignition
4.47%
15.27m 	7,792.6
Consuming Shadows
3.96%
13.55m 	6,916.0
Cosmic Sting
3.44%
11.77m 	6,007.4
Null Reaction
3.40%
11.64m 	5,937.7
Dimensional Shred
3.18%
10.89m 	5,555.5
Shadow Bolt
3.11%
10.65m 	5,433.1
Arcane Expulsion
2.79%
9.55m 	4,874.3
Runic Mark
2.64%
9.04m 	4,613.0
Arcane Blade
2.63%
9.01m 	4,596.3
Holy Fire
2.62%
8.96m 	4,573.3
Astral Grasp
2.55%
8.74m 	4,457.2
Entropy Blast
2.34%
8.00m 	4,083.5
Void Eruption
2.29%
7.84m 	3,998.8
Blink
2.10%
7.19m 	3,667.8
Void Destruction
2.08%
7.12m 	3,631.5
Crowd Dispersal
1.97%
6.74m 	3,441.0
Energy Release
1.84%
6.28m 	3,205.0
Unstable Void Essence
1.53%
5.25m 	2,676.7
Wave of Silence
1.43%
4.90m 	2,499.7
Void Gash
1.32%
4.50m 	2,296.1
Unstable Energy
1.31%
4.48m 	2,284.1
Arcane Volley
1.14%
3.91m 	1,996.9
Hulking Fragment
0.99%
3.38m 	1,726.2
Repulsing Slam
0.91%
3.12m 	1,593.8
Entropy Orb
0.53%
1.80m 	921.0
Arcane Beam
0.45%
1.55m 	790.9
Hastening Ward
0.41%
1.39m 	709.2
Ethereal Shackles
0.35%
1.18m 	603.7
Consuming Void
0.32%
1.10m 	561.7
Devouring Strike
0.27%
930.1k 	474.6
Stygian Ichor
0.27%
928.9k 	474.0
Arcane Bolt
0.20%
699.1k 	356.7
Umbral Splinters
0.13%
454.7k 	232.0
Runic Mark
0.08%
283.2k 	144.5
Void Bomb
0.08%
281.5k 	143.6
Falling
0.07%
243.1k 	124.1
Ethereal Shackles
0.07%
236.5k 	120.7
Arcane Residue
0.06%
216.4k 	110.4
Deaths
Name

Killing Blow

Time

Voidzerker 	Blink 	4:58
Voidzerker 	Unstable Energy 	8:14
Jééy 	Melee 	11:45
Voidzerker 	Melee 	29:18
Voidzerker 	Entropy Orb 	31:38
Voidzerker 	Void Destruction 	32:00
Stealthsama 	Void Destruction 	32:18
Powerpegging 	Void Destruction 	32:22
Furrytrac 	Hulking Fragment 	32:35
Jééy 	Entropy Blast 	32:36
Voidzerker 	Entropy Blast 	32:39
Characters
Tanks

Class Talents

Spec Talents

Gear

Combat Potions

Healthstones & Potions
Furrytrac
Druid (Guardian)
290 Item Level
Rake
Frenzied Regeneration
Ursoc's Spirit
Grievous Wounds
Swipe
Remove Corruption
Verdant Heart
Nurturing Instinct 2
Killer Instinct 2
Ironfur
Improved Barkskin
Natural Recovery
Thick Hide
Skull Bash
Wild Charge
Soothe
Aessina's Renewal
Typhoon
Stampeding Roar
Well-Honed Instincts
Feline Swiftness
Matted Fur 2
Ursol's Vortex
Lycara's Teachings 2
Gift of the Wild
Oakskin
Lore of the Grove
Perfectly-Honed Instincts
Improved Stampeding Roar
Incapacitating Roar
Symbiotic Relationship
Circle of the Wild
Heart of the Wild

Maul
Gore
Survival Instincts
Persistence
Dream Guide
Vulnerable Flesh
Berserk
Innate Resolve
After the Wildfire
Survival of the Fittest 2
Scintillating Moonlight 2
Reinvigoration 1
Ursol's Warding
Reinforced Fur
Gift of an Ancient Guardian
Ursoc's Endurance
Brambles
Rend and Tear
Lunar Beam
Fury of Nature 2
Blood Frenzy
Twin Moonfire
Flashing Claws 2
Ursoc's Fury
Elune's Favored
Incarnation: Guardian of Ursoc
Ursoc's Guidance
Galactic Guardian
Sundering Roar
Waking Nightmare
		6 	0
DPS

Class Talents

Spec Talents

Gear

Combat Potions

Healthstones & Potions
Jééy
Death Knight (Unholy)
288 Item Level
Death Strike
Icebound Fortitude
Raise Dead
Runic Attenuation
Improved Death Strike
Cleaving Strikes
Blinding Sleet
Gloom Ward 2
Unholy Momentum 2
Mind Freeze
Wraith Walk
Enfeeble
Brittle
Permafrost
Veteran of the Third War
Coldthirst
Anti-Magic Zone
Unholy Bond
Icy Talons
Anti-Magic Barrier
Grip of the Dead
Death's Reach
Unholy Endurance
Blood Scent
Suppression
Insidious Chill
Blood Draw
Will of the Necropolis 2
Rune Mastery 2
Death's Echo
Null Magic

Outbreak
Scourge Strike
Sudden Doom
Dark Transformation
Putrefy
Clawing Shadows
Foul Infections
Grave Mastery
Necromancer's Cunning
Magus of the Dead
Soul Reaper
Festering Scythe
Ebon Fever
Cycle of Death
Ghoulish Frenzy
Army of the Dead
Menacing Magus
Reaping
Raise Abomination
Harbinger of Doom
Unholy Devotion
Doomed Bidding
Blightburst
Putrid Echoes
Commander of the Dead 2
Unholy Aura 2
Outnumber
Reanimation
Forbidden Knowledge 1
Forbidden Knowledge 2
Forbidden Knowledge 1
		5 	3
Voidzerker
Demon Hunter (Devourer)
289 Item Level
Vengeful Retreat
Sigil of Misery
Voidblade
Unrestrained Fury
Shattered Restoration
Bouncing Glaives
Imprison
Improved Disrupt
Consume Magic
Void Nova
Aura of Pain
Disrupting Fury
Blazing Path
Focused Ire
Soul Cleanse
Soul Rending 2
Felfire Haste
Pursuit
Illidari Knowledge 2
Will of the Illidari 2
Guile
Remorseless
Internal Struggle
First In, Last Out
Furious
Demon Muzzle
Soul Splitter 2
Darkness
Final Breath
Pitch Black
Demonic Resilience

Void Ray
Soul Immolation
Predator's Thirst
Void Metamorphosis
Feast of Souls
Tempered Soul
Collapsing Star
Moment of Craving
Soulshaper
Waste Not
Entropy
Sweet Suffering 2
Sweet Release 2
Improved Consume
Voidpurge
Focused Ray
Voidrage 2
Devourer's Edge 2
Demonic Instinct 2
Rolling Torment
Impending Apocalypse
Calamitous
Star Fragments
Eradicate
Emptiness
Midnight 1
Midnight 2
Midnight 1
		6 	3
Powerpegging
Evoker (Augmentation)
290 Item Level
Expunge
Obsidian Scales
Landslide
Natural Convergence
Verdant Embrace
Heavy Wingbeats
Obsidian Bulwark
Innate Magic 2
Cauterizing Flame
Inner Radiance
Clobbering Sweep
Attuned to the Dream 2
Instinctive Arcana 2
Tip the Scales
Sleep Walk
Draconic Legacy
Extended Flight 2
Inherent Resistance 2
Blast Furnace
Panacea
Renewing Blaze
Rescue
Source of Magic
Foci of Life
Oppressing Roar
Leaping Flames
Aerial Mastery
Potent Mana
Overawe
Zephyr
Spatial Paradox

Ebon Might
Eruption
Essence Burst
Ricocheting Pyroclast
Essence Attunement
Pupil of Alexstrasza
Quell
Upheaval
Defy Fate
Breath of Eons
Power Nexus
Volcanism
Ignition Rush
Chrono Ward
Improved Defy Fate
Draconic Attunements
Prescience
Tectonic Locus
Momentum Shift
Fate Mirror
Hoarded Power
Anachronism
Inferno's Blessing
Accretion
Time Skip
Imminent Destruction
Rumbling Earth
Plot the Future
Interwoven Threads
Mighty Inferno
Duplicate 1
Duplicate 2
Duplicate 1
		5 	3
Healers

Class Talents

Spec Talents

Gear

Combat Potions

Healthstones & Potions
Stealthsama
Monk (Mistweaver)
286 Item Level
Soothing Mist
Paralysis
Rising Sun Kick
Elusive Mists
Tiger's Lust
Fast Feet
Improved Detox
Grace of the Crane
Calming Presence
Bounding Agility
Ancient Arts 1
Vivacious Vivification
Chi Warding
Transcendence
Celerity
Ring of Peace
Improved Touch of Death
Ferocity of Xuen 2
Tiger Tail Sweep
Dance of the Wind
Peace and Prosperity
Yu'lon's Grace
Fortifying Brew
Mist Caller
Save Them All
Expeditious Fortification
Vital Clarity
Chi Proficiency 2
Martial Instincts 2
Windwalking
Lighter Than Air
Flow of Chi
Transcendence: Linked Spirits

Enveloping Mist
Misty Coalescence
Thunder Focus Tea
Life Cocoon
Invigorating Mists
Mana Tea
Crane Style
Healing Elixir
Revival
Calming Coalescence
Lifecycles
Way of the Crane
Mists of Life
Rapid Diffusion 2
Invoke Chi-Ji, the Red Crane
Mist Wrap
Chrysalis
Lotus Infusion
Celestial Harmony
Gift of the Celestials
Focused Thunder
Sheilun's Gift
Morning Breeze
Pool of Mists
Jadefire Teachings
Veil of Pride
Secret Infusion 2
Emperor's Elixir
Dance of Chi-Ji
Rising Mist
Legacy of Wisdom
Mistline
		0 	1
Warcraft Logs Logo
HEY THERE.We all want Warcraft Logs to remain free.
We work hard to offer you the best possible experience.
Help us by disabling your Adblock or supporting us on Patreon.
Guild logo
Warcraft Logs
Contact Us
-
Privacy Policy
-
Video Terms of Service
-
Careers
twitter's Icon Logo
discord's Icon Logo
patreon's Icon Logo
Latest Article
Archon App: Cloud Video Released!
4 days ago
Resources
Forums
Subscribe
Help and Info
Brand
Our Websites
Archon
WoW Retail
WoW Classic
WoW SoD
WoW Classic Fresh
WoW Vanilla
Final Fantasy XIV
Elder Scrolls Online
SWTOR
Latest Raid
Statistics
Rankings
Progress
All Reports
Our Tools
Download App
WoWAnalyzer
Wipefest
Recruitment
© 2013-2026 Warcraft Logs
