

    Midnight
    Mists of Pandaria
    Classic Fresh
    Season of Discovery
    Vanilla

Warcraft Logs
Enter a player, guild, or realm
Enter a player, guild, or realm
Search
128
Download Archon App

    Deutsch
    English
    Español
    Français
    Italiano
    Português (Brasil)
    Русский
    한국어
    繁體中文
    简体中文

Mythic+ Season 1
Created by BudoBoy07 on Sun May 24 2026

    Edit Report
    Delete Report
    Make Private
    View in Anonymous Mode

Settings
+

    VS / DR / MQD
    BudoBoy07 - (Public) - 1 hour ago
    Mythic+ Season 1
    BudoBoy07 - (Public) - 1 hour ago
    Sporefall
    BudoBoy07 - (Public) - 2 months ago
    Sporefall
    BudoBoy07 - (Public) - 2 months ago

BudoBoy07
Personal Logs
+
Algeth'ar Academy+
+21 [Fortified] [Tyrannical] [Xal'atath's Guile] (22:09) 5:25 PM

    + Bosses and Trash
        Bosses and Trash
        Bosses
        Trash
        Vexamus
        Overgrown Ancient
        Crawth
        Echo of Doragosa
        Pull 1 (1:41) +0:42
        Vile Lasher
        Pull 2 (3:19) +2:24
        Overgrown Ancient
        Pull 3 (1:17) +6:01
        Guardian Sentry
        Pull 4 (2:30) +7:27
        Alpha Eagle
        Pull 5 (4:17) +10:23
        Crawth
        Pull 6 (1:27) +15:07
        Vicious Ravager
        Pull 7 (1:30) +16:45
        Spellbound Battleaxe
        Pull 8 (1:55) +18:20
        Vicious Ravager
        Pull 9 (1:53) +20:15
        Vexamus

Entire Dungeon

    + All Friendlies
        +Artresto
            +Abomination
                1

                2

                3

                4

                5

                6

                7

                8

                9

                10
                11

                12

            ID: 149555
            Brainkeeper
            +High Inquisitor Whitemane
                1

                2

                3

                4

                5

                6

                7

                8

                9

                10
                11

                12

                13

                14

                15

                16

                17

                18

                19

                20
                21

                22

                23

                24

                25

                26

                27

                28

                29

                30
                31

                32

                33

                34

                35

            ID: 221633
            +Highlord Darion Mograine
                1

                2

                3

                4

                5

                6

                7

                8

                9

                10
                11

                12

                13

                14

                15

                16

                17

                18

                19

                20
                21

                22

                23

                24

                25

                26

                27

                28

                29

                30
                31

                32

                33

                34

            ID: 221632
            +King Thoras Trollbane
                1

                2

                3

                4

                5

                6

                7

                8

                9

                10
                11

                12

                13

                14

                15

                16

                17

                18

                19

                20
                21

                22

                23

                24

                25

                26

                27

                28

                29

                30
                31

                32

                33

            ID: 221635
            +Lesser Ghoul
                1

                2

                3

                4

                5

                6

                7

                8

                9

                10
                11

                12

                13

                14

                15

                16

                17

                18

                19

                20
                21

                22

                23

                24

                25

                26

                27

                28

                29

                30
                31

                32

                33

                34

                35

                36

                37

                38

                39

                40
                41

                42

                43

                44

                45

                46

                47

                48

                49

                50
                51

                52

                53

                54

                55

                56

                57

                58

                59

                60
                61

                62

                63

                64

                65

                66

                67

                68

                69

                70
                71

                72

                73

                74

                75

                76

                77

                78

                79

                80
                81

                82

                83

                84

                85

                86

                87

                88

                89

                90
                91

                92

                93

                94

                95

                96

                97

                98

                99

                100
                101

                102

                103

                104

                105

                106

                107

                108

                109

                110
                111

                112

                113

                114

                115

                116

                117

                118

                119

                120
                121

                122

                123

                124

                125

                126

                127

                128

                129

                130
                131

                132

                133

                134

                135

                136

                137

                138

                139

                140
                141

                142

                143

                144

                145

                146

                147

                148

                149

                150
                151

                152

                153

                154

                155

                156

                157

                158

                159

                160
                161

                162

                163

                164

                165

                166

                167

                168

                169

                170
                171

                172

                173

                174

                175

                176

                177

                178

                179

                180
                181

                182

                183

                184

                185

                186

                187

                188

                189

                190
                191

                192

                193

                194

                195

                196

                197

                198

                199

                200
                201

                202

                203

                204

                205

                206

                207

                208

                209

                210
                211

                212

                213

                214

                215

                216

                217

                218

                219

                220
                221

                222

                223

                224

                225

                226

                227

                228

                229

                230
                231

                232

                233

                234

                235

                236

                237

                238

                239

                240
                241

                242

                243

                244

                245

                246

                247

                248

            ID: 258578
            +Lesser Ghoul
                1

                2

                3

                4

                5

                6

                7

                8

                9

                10
                11

                12

                13

                14

                15

                16

                17

                18

                19

                20
                21

                22

                23

                24

                25

                26

                27

                28

                29

                30
                31

                32

                33

                34

                35

                36

                37

                38

                39

                40
                41

                42

                43

                44

                45

                46

                47

                48

                49

                50
                51

                52

                53

                54

                55

                56

                57

                58

                59

                60
                61

                62

                63

                64

                65

                66

                67

                68

                69

                70
                71

                72

                73

                74

                75

                76

                77

                78

                79

                80
                81

                82

                83

                84

                85

                86

                87

                88

                89

                90
                91

                92

                93

                94

                95

                96

                97

                98

                99

                100
                101

                102

                103

                104

                105

                106

                107

                108

                109

                110
                111

                112

                113

                114

                115

                116

                117

                118

                119

                120
                121

                122

                123

                124

                125

                126

                127

                128

                129

                130
                131

                132

                133

                134

                135

                136

                137

                138

                139

                140
                141

                142

                143

                144

                145

                146

                147

                148

                149

                150
                151

                152

                153

                154

                155

                156

                157

                158

                159

                160
                161

                162

                163

                164

                165

                166

                167

                168

                169

                170
                171

                172

                173

                174

                175

                176

                177

                178

                179

                180
                181

                182

                183

                184

                185

                186

                187

                188

                189

                190
                191

                192

                193

                194

                195

                196

                197

                198

                199

                200
                201

                202

                203

                204

                205

                206

                207

                208

                209

                210
                211

                212

                213

                214

                215

                216

                217

                218

                219

                220
                221

                222

                223

                224

                225

                226

                227

                228

                229

                230
                231

                232

                233

                234

                235

                236

                237

                238

                239

                240
                241

                242

                243

                244

                245

                246

                247

                248

                249

                250
                251

                252

                253

                254

                255

                256

                257

                258

                259

                260
                261

                262

                263

                264

                265

                266

                267

                268

                269

                270
                271

                272

                273

                274

                275

                276

                277

                278

                279

                280
                281

                282

                283

                284

                285

                286

                287

                288

                289

                290
                291

                292

                293

                294

                295

                296

                297

                298

                299

                300
                301

                302

                303

                304

                305

                306

                307

                308

                309

                310
                311

                312

                313

                314

                315

                316

                317

                318

                319

                320
                321

                322

                323

                324

                325

                326

                327

                328

                329

                330
                331

                332

                333

                334

                335

                336

                337

                338

                339

                340
                341

                342

                343

                344

                345

                346

                347

                348

                349

                350
                351

                352

                353

                354

                355

                356

                357

                358

                359

                360
                361

                362

                363

                364

                365

                366

                367

                368

                369

                370
                371

                372

                373

                374

                375

                376

                377

                378

                379

                380
                381

                382

                383

                384

                385

                386

                387

                388

                389

                390
                391

                392

                393

                394

                395

                396

                397

                398

                399

                400
                401

                402

                403

                404

                405

                406

                407

                408

                409

                410
                411

                412

                413

                414

                415

                416

                417

                418

                419

                420
                421

                422

                423

                424

                425

                426

                427

                428

                429

                430
                431

                432

                433

                434

                435

                436

                437

                438

                439

                440
                441

                442

                443

                444

                445

                446

                447

                448

                449

                450
                451

                452

                453

                454

                455

                456

                457

                458

                459

                460
                461

                462

                463

                464

                465

                466

                467

                468

                469

                470
                471

                472

                473

                474

                475

                476

                477

                478

                479

                480
                481

                482

                483

                484

                485

                486

                487

                488

                489

                490
                491

                492

                493

                494

                495

                496

                497

                498

                499

                500
                501

                502

                503

                504

                505

                506

                507

                508

                509

                510
                511

                512

                513

                514

                515

                516

                517

                518

                519

                520
                521

                522

                523

                524

                525

                526

                527

                528

                529

                530
                531

                532

                533

                534

                535

                536

                537

                538

                539

                540
                541

                542

                543

                544

                545

                546

                547

                548

                549

                550
                551

                552

                553

                554

                555

                556

                557

                558

                559

                560
                561

                562

                563

                564

                565

                566

                567

                568

                569

                570
                571

                572

                573

                574

                575

                576

                577

                578

                579

                580
                581

                582

                583

                584

                585

                586

                587

                588

                589

                590
                591

                592

                593

                594

                595

                596

                597

                598

                599

                600
                601

                602

                603

                604

                605

                606

                607

                608

                609

                610
                611

                612

                613

                614

                615

                616

                617

                618

                619

                620
                621

                622

                623

                624

                625

                626

                627

                628

                629

                630
                631

                632

                633

                634

                635

                636

                637

                638

                639

                640
                641

                642

                643

                644

                645

                646

                647

                648

                649

                650
                651

                652

                653

                654

                655

                656

                657

                658

                659

                660
                661

                662

                663

                664

                665

                666

                667

                668

                669

                670
                671

                672

                673

                674

                675

                676

                677

                678

                679

                680
                681

                682

                683

                684

                685

                686

                687

                688

                689

                690
                691

                692

                693

                694

                695

                696

                697

                698

                699

                700
                701

                702

                703

                704

                705

                706

                707

                708

                709

                710
                711

                712

            ID: 237409
            +Magus of the Dead
                1

                2

                3

                4

                5

                6

                7

                8

                9

                10
                11

                12

                13

                14

                15

                16

                17

                18

                19

                20
                21

                22

                23

                24

                25

                26

                27

                28

                29

                30
                31

                32

                33

                34

                35

                36

                37

                38

                39

                40
                41

                42

                43

                44

                45

                46

                47

                48

                49

                50
                51

                52

                53

                54

                55

                56

                57

                58

                59

                60
                61

                62

                63

                64

                65

                66

                67

                68

                69

                70
                71

                72

                73

                74

                75

                76

                77

                78

                79

                80
                81

                82

                83

                84

                85

                86

                87

                88

                89

                90
                91

                92

                93

                94

                95

                96

                97

                98

                99

                100
                101

                102

                103

                104

                105

                106

                107

                108

                109

                110
                111

                112

                113

                114

                115

                116

                117

                118

                119

                120
                121

                122

                123

                124

                125

                126

                127

                128

                129

                130
                131

                132

                133

                134

                135

                136

                137

                138

                139

                140
                141

                142

                143

                144

                145

                146

                147

                148

                149

                150
                151

                152

                153

                154

                155

                156

                157

                158

                159

                160
                161

                162

                163

                164

                165

                166

                167

                168

                169

                170
                171

                172

                173

                174

                175

                176

                177

                178

                179

                180
                181

                182

                183

                184

                185

                186

                187

                188

                189

                190
                191

                192

                193

                194

                195

                196

                197

                198

                199

                200
                201

                202

                203

                204

                205

                206

                207

                208

                209

                210
                211

                212

                213

                214

                215

                216

                217

                218

                219

                220
                221

                222

                223

                224

                225

                226

                227

                228

                229

                230
                231

                232

                233

                234

                235

                236

                237

                238

                239

                240
                241

                242

                243

                244

                245

                246

                247

                248

                249

                250
                251

                252

                253

                254

                255

                256

                257

                258

                259

                260
                261

                262

                263

                264

                265

                266

                267

                268

                269

                270
                271

                272

                273

                274

                275

                276

                277

                278

                279

            ID: 163366
            +Nazgrim
                1

                2

                3

                4

                5

                6

                7

                8

                9

                10
                11

                12

                13

                14

                15

                16

                17

                18

                19

                20
                21

                22

                23

                24

                25

                26

                27

                28

                29

                30
                31

            ID: 221634
        +Delanu
            +Dread Shade
                1

                2

                3

                4

                5

                6

                7

                8

                9

                10
                11

                12

                13

                14

                15

                16

                17

                18

                19

                20
                21

                22

                23

                24

                25

                26

                27

                28

                29

                30
                31

            ID: 251422
        +Powerpegging
            +Dracthyr Commando
                1

                2

                3

                4

                5

                6

                7

                8

                9

                10
                11

                12

                13

                14

                15

                16

                17

                18

                19

                20
                21

                22

                23

                24

                25

                26

                27

                28

                29

                30
                31

                32

                33

                34

                35

                36

            ID: 219827
            +Future Self
                1

                2

                3

                4

                5

                6

                7

                8

                9

                10
                11

                12

                13

                14

                15

                16

                17

                18

            ID: 253466
        +Vampiré
            +Chi-Ji
                1

                2

                3

                4

                5

                6

                7

                8

                9

                10
                11

            ID: 166949
        +Hardtek
            +Antoran Inquisitor
                1

                2

                3

                4

                5

                6

                7

                8

                9

                10
                11

                12

                13

                14

                15

                16

                17

                18

                19

                20

            ID: 258242
            +Antoran Jailer
                1

                2

                3

                4

                5

                6

                7

                8

                9

                10
                11

                12

                13

                14

                15

                16

                17

                18

            ID: 255147
            +Charhound
                1

                2

                3

                4

                5

                6

                7

                8

                9

                10
                11

                12

                13

                14

                15

                16

                17

                18

                19

                20
                21

                22

                23

                24

                25

                26

                27

                28

                29

                30
                31

                32

                33

                34

                35

                36

                37

                38

                39

                40
                41

                42

                43

                44

                45

                46

                47

                48

                49

                50
                51

                52

                53

                54

                55

            ID: 226269
            +Demonic Tyrant
                1

                2

                3

                4

                5

                6

                7

                8

                9

                10
                11

                12

                13

                14

                15

                16

            ID: 250289
            +Dreadstalker
                1

                2

                3

                4

                5

                6

                7

                8

                9

                10
                11

                12

                13

                14

                15

                16

                17

                18

                19

                20
                21

                22

                23

                24

                25

                26

                27

                28

                29

                30
                31

                32

                33

                34

                35

                36

                37

                38

                39

                40
                41

                42

                43

                44

                45

                46

                47

                48

                49

                50
                51

                52

                53

                54

                55

                56

                57

                58

                59

                60
                61

                62

                63

                64

                65

                66

                67

                68

                69

                70
                71

                72

                73

                74

                75

                76

                77

                78

                79

                80
                81

                82

                83

                84

                85

                86

                87

                88

                89

                90
                91

                92

                93

                94

                95

                96

                97

                98

                99

                100
                101

                102

                103

                104

                105

                106

                107

                108

                109

                110

            ID: 98035
            +Grand Warlock Alythess
                1

                2

                3

                4

                5

                6

                7

                8

                9

                10
                11

                12

                13

            ID: 260077
            Ikzilkryz
            +Imp Lord
                1

                2

                3

                4

                5

                6

                7

                8

                9

                10
                11

            ID: 258584
            +Lady Sacrolash
                1

                2

                3

                4

                5

                6

                7

                8

                9

                10
                11

            ID: 260076
            +Mother of Chaos
                1

                2

                3

                4

                5

                6

                7

                8

                9

                10
                11

                12

                13

                14

                15

                16

                17

                18

                19

                20
                21

                22

                23

                24

                25

                26

                27

                28

                29

            ID: 228576
            +Overlord
                1

                2

                3

                4

                5

                6

                7

                8

                9

                10
                11

                12

                13

                14

                15

                16

                17

                18

                19

                20
                21

                22

                23

                24

                25

                26

                27

                28

                29

                30

            ID: 228575
            +Pit Lord
                1

                2

                3

                4

                5

                6

                7

                8

                9

                10
                11

                12

                13

                14

                15

                16

                17

                18

                19

                20
                21

                22

                23

                24

                25

                26

                27

                28

            ID: 228574
            +Wild Imp (Hand of Gul'dan)
                1

                2

                3

                4

                5

                6

                7

                8

                9

                10
                11

                12

                13

                14

                15

                16

                17

                18

                19

                20
                21

                22

                23

                24

                25

                26

                27

                28

                29

                30
                31

                32

                33

                34

                35

                36

                37

                38

                39

                40
                41

                42

                43

                44

                45

                46

                47

                48

                49

                50
                51

                52

                53

                54

                55

                56

                57

                58

                59

                60
                61

                62

                63

                64

                65

                66

                67

                68

                69

                70
                71

                72

                73

                74

                75

                76

                77

                78

                79

                80
                81

                82

                83

                84

                85

                86

                87

                88

                89

                90
                91

                92

                93

                94

                95

                96

                97

                98

                99

                100
                101

                102

                103

                104

                105

                106

                107

                108

                109

                110
                111

                112

                113

                114

                115

                116

                117

                118

                119

                120
                121

                122

                123

                124

                125

                126

                127

                128

                129

                130
                131

                132

                133

                134

                135

                136

                137

                138

                139

                140
                141

                142

                143

                144

                145

                146

                147

                148

                149

                150
                151

                152

                153

                154

                155

                156

                157

                158

                159

                160
                161

                162

                163

                164

                165

                166

                167

                168

                169

                170
                171

                172

                173

                174

                175

                176

                177

                178

                179

                180
                181

                182

                183

                184

                185

                186

                187

                188

                189

                190
                191

                192

                193

                194

                195

                196

                197

                198

                199

                200
                201

                202

                203

                204

                205

                206

                207

                208

                209

                210
                211

                212

                213

                214

                215

                216

                217

                218

                219

                220
                221

                222

                223

                224

                225

                226

                227

                228

                229

                230
                231

                232

                233

                234

                235

                236

                237

                238

                239

                240
                241

                242

                243

                244

                245

                246

                247

                248

                249

                250
                251

                252

                253

                254

                255

                256

                257

                258

                259

                260
                261

                262

                263

                264

                265

                266

                267

                268

                269

                270
                271

                272

                273

                274

                275

                276

                277

                278

                279

                280
                281

                282

                283

                284

                285

                286

                287

                288

                289

                290
                291

                292

                293

                294

                295

                296

                297

                298

                299

                300
                301

                302

                303

                304

                305

                306

                307

                308

                309

                310
                311

                312

                313

                314

                315

                316

                317

                318

                319

                320
                321

                322

                323

                324

                325

                326

                327

                328

                329

                330
                331

                332

                333

                334

                335

                336

                337

                338

                339

                340
                341

                342

                343

                344

                345

                346

                347

                348

                349

                350
                351

                352

                353

                354

                355

                356

                357

                358

                359

                360
                361

                362

                363

                364

                365

                366

                367

                368

                369

                370
                371

                372

                373

                374

                375

                376

                377

                378

                379

                380
                381

                382

                383

                384

                385

                386

                387

                388

                389

                390
                391

                392

                393

                394

                395

                396

                397

                398

                399

                400
                401

                402

                403

                404

                405

                406

                407

                408

                409

                410
                411

                412

                413

                414

                415

                416

                417

                418

                419

                420
                421

                422

                423

                424

                425

                426

                427

                428

                429

                430
                431

                432

                433

                434

                435

                436

                437

                438

                439

                440
                441

                442

                443

                444

                445

                446

                447

                448

                449

                450
                451

                452

                453

                454

                455

                456

                457

                458

                459

                460
                461

                462

                463

                464

                465

                466

                467

                468

                469

                470
                471

                472

                473

                474

                475

                476

                477

                478

                479

                480
                481

                482

                483

                484

                485

                486

                487

                488

                489

                490
                491

                492

                493

                494

                495

                496

                497

                498

                499

                500
                501

                502

                503

                504

                505

                506

                507

                508

                509

                510
                511

                512

                513

                514

                515

                516

                517

                518

                519

                520
                521

                522

                523

                524

                525

                526

                527

                528

                529

                530
                531

                532

                533

                534

                535

                536

                537

                538

                539

                540
                541

                542

                543

                544

                545

                546

                547

                548

                549

                550
                551

                552

                553

                554

                555

                556

                557

                558

                559

                560
                561

                562

                563

                564

                565

                566

                567

                568

                569

                570
                571

                572

                573

                574

                575

                576

                577

                578

                579

                580
                581

                582

                583

                584

                585

                586

                587

                588

                589

                590
                591

                592

                593

                594

                595

                596

                597

                598

                599

                600
                601

                602

                603

                604

                605

                606

                607

                608

                609

                610
                611

                612

                613

                614

                615

                616

                617

                618

                619

                620
                621

                622

                623

                624

                625

                626

                627

                628

                629

                630
                631

                632

                633

                634

                635

                636

                637

                638

                639

                640
                641

                642

                643

                644

                645

                646

                647

                648

                649

                650
                651

                652

                653

                654

                655

                656

                657

                658

                659

                660
                661

                662

                663

                664

                665

                666

                667

                668

                669

                670
                671

                672

                673

                674

                675

                676

                677

                678

                679

                680
                681

                682

                683

                684

                685

                686

                687

                688

                689

                690
                691

                692

                693

                694

                695

                696

                697

                698

                699

                700
                701

                702

                703

                704

                705

                706

                707

                708

                709

                710
                711

                712

                713

                714

                715

                716

                717

                718

                719

                720
                721

                722

                723

                724

                725

                726

                727

                728

                729

                730
                731

                732

                733

                734

                735

                736

                737

                738

                739

                740
                741

                742

                743

                744

                745

                746

                747

                748

                749

                750
                751

                752

                753

                754

                755

                756

                757

                758

                759

                760
                761

                762

                763

                764

                765

                766

                767

                768

                769

                770
                771

                772

                773

                774

                775

                776

                777

                778

                779

                780
                781

                782

                783

                784

                785

                786

                787

                788

                789

                790
                791

                792

                793

                794

                795

                796

                797

                798

                799

                800
                801

                802

                803

                804

                805

                806

                807

                808

                809

                810
                811

                812

                813

                814

                815

                816

                817

                818

                819

                820
                821

                822

                823

                824

                825

                826

                827

                828

                829

                830
                831

                832

                833

                834

            ID: 55659
            +Wild Imp (Inner Demons/To Hell and Back)
                1

                2

                3

                4

                5

                6

                7

                8

                9

                10
                11

                12

                13

                14

                15

                16

                17

                18

                19

                20
                21

                22

                23

                24

                25

                26

                27

                28

                29

                30
                31

                32

                33

                34

                35

                36

                37

                38

                39

                40
                41

                42

                43

                44

                45

                46

                47

                48

                49

                50
                51

                52

                53

                54

                55

                56

                57

                58

                59

                60
                61

                62

                63

                64

                65

                66

                67

                68

                69

                70
                71

                72

                73

                74

                75

                76

                77

                78

                79

                80
                81

                82

                83

                84

                85

                86

                87

                88

                89

                90
                91

                92

                93

                94

                95

                96

                97

                98

                99

                100
                101

                102

                103

                104

                105

                106

                107

                108

                109

                110
                111

                112

                113

                114

                115

                116

                117

                118

                119

                120
                121

                122

                123

                124

                125

                126

                127

                128

                129

                130
                131

                132

                133

                134

                135

                136

                137

                138

                139

                140
                141

                142

                143

                144

                145

                146

                147

                148

                149

                150
                151

                152

                153

                154

                155

                156

                157

                158

                159

                160
                161

                162

                163

                164

                165

                166

                167

                168

                169

                170
                171

                172

                173

                174

                175

                176

                177

                178

                179

                180
                181

                182

                183

                184

                185

                186

                187

                188

                189

                190
                191

                192

                193

                194

                195

                196

                197

                198

                199

                200
                201

                202

                203

                204

                205

                206

                207

                208

                209

                210
                211

                212

                213

                214

                215

                216

                217

                218

                219

                220
                221

                222

                223

                224

                225

                226

                227

                228

                229

                230
                231

                232

                233

                234

                235

                236

                237

                238

                239

                240
                241

                242

                243

                244

                245

                246

                247

                248

                249

                250
                251

                252

                253

                254

                255

                256

                257

                258

                259

                260
                261

                262

                263

                264

                265

                266

                267

                268

                269

                270
                271

                272

                273

                274

                275

                276

                277

                278

                279

                280
                281

                282

                283

                284

                285

                286

                287

            ID: 143622
        +Dracthyr Freshscale
            Groups:
            1
            Instances:
            1

            2

            3

            4

        ID: 192857
        Magic Book

        ID: 195416
        Professor Ichistrasz

        ID: 189667
        Professor Maxdormu

        ID: 189668
        Professor Mystakria

        ID: 187287
        +Studious Scholar
            Groups:
            1
            Instances:
            1

            2

            3

        ID: 197468






Friendlies Enemies
Summary
Damage Done
Damage Taken
Healing
Threat
Buffs
Debuffs
Deaths
Interrupts
Dispels
Resources
Casts

    +Ignore Events After Player Deaths
        Ignore Events After Player Deaths
        Ignore Events After A Called Wipe

Filter Expression:

    +
        Heroism
        Downtime
        Player Deaths
        Player Resurrections
        Boss Deaths
        NPC Deaths
        Show All Entries
        Hide All Entries

ZoomPer Second AmountDamage DoneDamage TakenHealing Done00:0002:0004:0006:0008:0010:0012:0014:0016:0018:0020:0022:000M1M2M3M4M
01:45
Damage Done: 1,015,486.2
Group Composition Item Level: 289.80
Tanks:	Delanu
DPS:	Artresto Powerpegging Hardtek
Healers:	Vampiré
Damage Done By Source
Name

Amount

DPS

Artresto
28.43%
312.48m 	235,059.0
Hardtek
25.62%
281.64m 	211,859.6
Powerpegging
24.19%
265.89m 	200,015.9
Delanu
15.23%
167.35m 	125,886.6
Vampiré
6.53%
71.74m 	53,962.9
Healing Done By Source
Name

Amount

HPS

Vampiré
52.68%
140.05m 	105,355.1
Delanu
35.54%
94.49m 	71,076.8
Hardtek
3.96%
10.53m 	7,918.3
Powerpegging
3.91%
10.40m 	7,823.3
Artresto
3.16%
8.41m 	6,326.1
Ancient Branch
0.75%
1.99m 	1,500.3
Damage Taken By Ability
Name

Amount

DTPS

Melee
26.85%
72.15m 	54,271.1
Deafening Screech
13.74%
36.93m 	27,777.5
Spellbound Weapon
8.93%
24.01m 	18,061.4
Vile Bite
6.21%
16.68m 	12,549.6
Blistering Fire
5.77%
15.49m 	11,655.8
Splinterbark
5.07%
13.62m 	10,247.2
Vicious Lunge
4.32%
11.61m 	8,736.5
Vicious Ambush
3.78%
10.15m 	7,638.6
Savage Peck
3.46%
9.30m 	6,999.1
Raging Screech
2.97%
7.99m 	6,012.7
Peck
2.85%
7.66m 	5,765.1
Mana Bomb
2.16%
5.79m 	4,356.8
Burst Forth
1.70%
4.57m 	3,438.7
Darting Sting
1.62%
4.35m 	3,275.3
Arcane Fissure
1.26%
3.39m 	2,551.6
Expel Intruders
1.18%
3.18m 	2,393.4
Arcane Expulsion
1.01%
2.71m 	2,040.6
Lasher Toxin
1.00%
2.68m 	2,014.1
Mana Bomb
0.94%
2.53m 	1,904.9
Storm Slash
0.94%
2.53m 	1,903.0
Mana Void
0.86%
2.31m 	1,738.6
Corrupted Mana
0.82%
2.19m 	1,648.5
Arcane Orb
0.55%
1.49m 	1,117.9
Barkbreaker
0.44%
1.18m 	887.9
Surge
0.35%
935.1k 	703.4
Mana Void
0.32%
859.5k 	646.6
Fel Armor
0.29%
775.5k 	583.4
Roving Cyclone
0.26%
699.4k 	526.2
Burning Rush
0.15%
396.5k 	298.3
Riftbreath
0.13%
345.7k 	260.0
Arcane Orb
0.07%
199.3k 	149.9
Deaths
Name

Killing Blow

Time

Hardtek 	Melee 	5:22
Vampiré 	Surge 	17:12
Hardtek 	Mana Bomb 	20:38
Vampiré 	Arcane Fissure 	21:42
Delanu 	Arcane Expulsion 	21:52
Artresto 	Melee 	21:55
Hardtek 	Corrupted Mana 	22:00
Powerpegging 	Corrupted Mana 	22:08
Characters
Tanks

Class Talents

Spec Talents

Gear

Combat Potions

Healthstones & Potions
Delanu
Druid (Guardian)
290 Item Level
Rake
Frenzied Regeneration
Ursoc's Spirit
Grievous Wounds
Swipe
Remove Corruption
Verdant Heart
Nurturing Instinct 2
Killer Instinct 2
Ironfur
Improved Barkskin
Natural Recovery
Primal Fury
Thick Hide
Skull Bash
Wild Charge
Soothe
Aessina's Renewal
Typhoon
Stampeding Roar
Well-Honed Instincts
Feline Swiftness
Lingering Healing
Ursol's Vortex
Lycara's Teachings 2
Gift of the Wild
Oakskin
Lore of the Grove
Improved Stampeding Roar
Incapacitating Roar
Symbiotic Relationship
Circle of the Wild
Heart of the Wild
Innervate

Maul
Gore
Survival Instincts
Persistence
Dream of Cenarius
Vulnerable Flesh
Berserk
Innate Resolve
After the Wildfire
Survival of the Fittest 2
Scintillating Moonlight 2
Reinvigoration 1
Ursol's Warding
Natural Resilience
Reinforced Fur
Gift of an Ancient Guardian
Ursoc's Endurance
Rend and Tear
Lunar Beam
Fury of Nature 2
Blood Frenzy
Twin Moonfire
Flashing Claws 2
Ursoc's Fury
Elune's Favored
Incarnation: Guardian of Ursoc
Ursoc's Guidance
Galactic Guardian
Sundering Roar
Waking Nightmare
		4 	1
DPS

Class Talents

Spec Talents

Gear

Combat Potions

Healthstones & Potions
Artresto
Death Knight (Unholy)
290 Item Level
Death Strike
Icebound Fortitude
Raise Dead
Runic Attenuation
Improved Death Strike
Cleaving Strikes
Blinding Sleet
Gloom Ward 2
Unholy Momentum 2
Mind Freeze
Enfeeble
Brittle
Permafrost
Veteran of the Third War
Coldthirst
Anti-Magic Zone
Unholy Bond
Icy Talons
Death Notes
Anti-Magic Barrier
Grip of the Dead
Death's Reach
Unholy Endurance
Blood Scent
Suppression
Insidious Chill
Blood Draw
Will of the Necropolis 2
Rune Mastery 2
Death's Echo
Null Magic

Outbreak
Scourge Strike
Sudden Doom
Dark Transformation
Putrefy
Clawing Shadows
Foul Infections
Grave Mastery
Necromancer's Cunning
Magus of the Dead
Soul Reaper
Festering Scythe
Ebon Fever
Cycle of Death
Ghoulish Frenzy
Army of the Dead
Menacing Magus
Reaping
Raise Abomination
Harbinger of Doom
Unholy Devotion
Doomed Bidding
Blightburst
Putrid Echoes
Commander of the Dead 2
Unholy Aura 2
Outnumber
Reanimation
Forbidden Knowledge 1
Forbidden Knowledge 2
Forbidden Knowledge 1
		4 	6
Powerpegging
Evoker (Augmentation)
290 Item Level
Expunge
Obsidian Scales
Landslide
Natural Convergence
Verdant Embrace
Heavy Wingbeats
Obsidian Bulwark
Innate Magic 2
Cauterizing Flame
Inner Radiance
Clobbering Sweep
Attuned to the Dream 2
Sleep Walk
Instinctive Arcana 2
Tip the Scales
Draconic Legacy
Extended Flight 2
Inherent Resistance 2
Blast Furnace
Panacea
Renewing Blaze
Rescue
Source of Magic
Foci of Life
Oppressing Roar
Leaping Flames
Aerial Mastery
Potent Mana
Overawe
Zephyr
Spatial Paradox

Ebon Might
Eruption
Essence Burst
Ricocheting Pyroclast
Essence Attunement
Pupil of Alexstrasza
Quell
Upheaval
Defy Fate
Breath of Eons
Power Nexus
Volcanism
Ignition Rush
Chrono Ward
Improved Defy Fate
Draconic Attunements
Prescience
Tectonic Locus
Momentum Shift
Fate Mirror
Hoarded Power
Anachronism
Inferno's Blessing
Accretion
Time Skip
Imminent Destruction
Rumbling Earth
Plot the Future
Interwoven Threads
Mighty Inferno
Duplicate 1
Duplicate 2
Duplicate 1
		4 	4
Hardtek
Warlock (Demonology)
290 Item Level
Fel Domination
Burning Rush
Soul Leech
Fiendish Stride
Fel Armor 2
Demon Skin 2
Demonic Fortitude
Demonic Embrace
Mortal Coil
Banish
Curse of Tongues
Curse of Exhaustion
Demonic Circle
Pact of the Annihilan
Pact of the Satyr
Dark Pact
Foul Mouth
Fortified Soul
Empowered Healthstone
Frequent Donor
Pact of the Eredar
Pact of the Nathrezim
Shadowfury
Demonic Gateway
Dark Accord
Swift Artifice
Fel Synergy 2
Soul Link 2
Pact of Gluttony
Soulburn
Blight of Weakness

Hand of Gul'dan
Call Dreadstalkers
Demoniac
Dreadlash
Fel Intellect
Implosion
Imp-erator
Summon Felguard
Carnivorous Stalkers 2
Rune of Shadows 2
Infernal Rapidity
Summon Demonic Tyrant
Demonic Brutality
Blighted Maw
Imp Gang Boss
Inner Demons
Flametouched
Antoran Armaments
Tyrant's Oblation
Demonic Calling 2
Master Summoner
Reign of Tyranny
Summon Vilefiend
Grimoire: Imp Lord
Hellbent Commander
Mark of F'harg
To Hell and Back
Dominion of Argus 1
Dominion of Argus 2
Dominion of Argus 1
		4 	4
Healers

Class Talents

Spec Talents

Gear

Combat Potions

Healthstones & Potions
Vampiré
Monk (Mistweaver)
289 Item Level
Soothing Mist
Paralysis
Rising Sun Kick
Elusive Mists
Tiger's Lust
Fast Feet
Improved Detox
Grace of the Crane
Calming Presence
Pressure Points
Ancient Arts 2
Vivacious Vivification
Chi Warding
Transcendence
Celerity
Chi Wave
Ring of Peace
Ferocity of Xuen 2
Tiger Tail Sweep
Improved Touch of Death
Dance of the Wind
Yu'lon's Grace
Fortifying Brew
Mist Caller
Save Them All
Expeditious Fortification
Vital Clarity
Chi Proficiency 2
Martial Instincts 2
Lighter Than Air
Flow of Chi
Fatal Touch

Enveloping Mist
Misty Coalescence
Thunder Focus Tea
Life Cocoon
Invigorating Mists
Mana Tea
Crane Style
Healing Elixir
Revival
Calming Coalescence
Energizing Brew
Way of the Crane
Mists of Life
Rapid Diffusion 2
Invoke Chi-Ji, the Red Crane
Mist Wrap
Chrysalis
Lotus Infusion
Celestial Harmony
Gift of the Celestials
Focused Thunder
Sheilun's Gift
Morning Breeze
Pool of Mists
Jadefire Teachings
Veil of Pride
Secret Infusion 2
Emperor's Elixir
Dance of Chi-Ji
Rising Mist
Legacy of Wisdom
Mistline
		1 	1
Warcraft Logs Logo
HEY THERE.We all want Warcraft Logs to remain free.
We work hard to offer you the best possible experience.
Help us by disabling your Adblock or supporting us on Patreon.
Guild logo
Warcraft Logs
Contact Us
-
Privacy Policy
-
Video Terms of Service
-
Careers
twitter's Icon Logo
discord's Icon Logo
patreon's Icon Logo
Latest Article
Archon App: Cloud Video Released!
4 days ago
Resources
Forums
Subscribe
Help and Info
Brand
Our Websites
Archon
WoW Retail
WoW Classic
WoW SoD
WoW Classic Fresh
WoW Vanilla
Final Fantasy XIV
Elder Scrolls Online
SWTOR
Latest Raid
Statistics
Rankings
Progress
All Reports
Our Tools
Download App
WoWAnalyzer
Wipefest
Recruitment
© 2013-2026 Warcraft Logs
