

    Midnight
    Mists of Pandaria
    Classic Fresh
    Season of Discovery
    Vanilla

Warcraft Logs
Enter a player, guild, or realm
Enter a player, guild, or realm
Search
111
Download Archon App

    Deutsch
    English
    Español
    Français
    Italiano
    Português (Brasil)
    Русский
    한국어
    繁體中文
    简体中文

Mythic+ Season 1
Created by BudoBoy07 on Fri May 22 2026

    Edit Report
    Delete Report
    Make Private
    View in Anonymous Mode

Settings
+

    VS / DR / MQD
    BudoBoy07 - (Public) - 37 minutes ago
    Mythic+ Season 1
    BudoBoy07 - (Public) - 37 minutes ago
    Sporefall
    BudoBoy07 - (Public) - 2 months ago
    Sporefall
    BudoBoy07 - (Public) - 2 months ago

BudoBoy07
Personal Logs
+
Maisara Caverns+
+21 [Fortified] [Tyrannical] [Xal'atath's Guile] (29:08) 1:48 AM

    + Bosses and Trash
        Bosses and Trash
        Bosses
        Trash
        Muro'jin and Nekraxx
        Vordaza
        Rak'tul, Vessel of Souls
        Pull 1 (0:44) +0:11
        Dread Souleater
        Pull 2 (2:49) +1:00
        Hulking Juggernaut
        Pull 3 (1:19) +3:52
        Dread Souleater
        Pull 4 (0:58) +5:28
        Hex Guardian
        Pull 5 (3:39) +6:34
        Muro'jin and Nekraxx
        Pull 6 (2:41) +10:44
        Rokh'zal
        Pull 7 (3:55) +13:32
        Restless Gnarldin
        Pull 8 (1:11) +17:33
        Bound Defender
        Pull 9 (0:50) +18:50
        Reanimated Warrior
        Pull 10 (3:51) +19:40
        Vordaza
        Pull 11 (0:00) +23:32
        Vordaza
        Pull 12 (1:04) +23:53
        Bound Defender
        Pull 13 (0:23) +25:14
        Zaib'yan
        Pull 14 (3:06) +25:41
        Rak'tul, Vessel of Souls

Entire Dungeon

    + All Friendlies
        +Deavdk
            +Abomination
                1

                2

                3

                4

                5

                6

                7

                8

                9

                10
                11

                12

                13

                14

                15

                16

            ID: 149555
            +High Inquisitor Whitemane
                1

                2

                3

                4

                5

                6

                7

                8

                9

                10
                11

                12

                13

                14

                15

                16

                17

                18

                19

                20
                21

                22

                23

                24

                25

                26

                27

                28

                29

                30
                31

                32

                33

                34

                35

                36

                37

                38

                39

                40
                41

                42

                43

                44

                45

                46

                47

                48

                49

            ID: 221633
            +Highlord Darion Mograine
                1

                2

                3

                4

                5

                6

                7

                8

                9

                10
                11

                12

                13

                14

                15

                16

                17

                18

                19

                20
                21

                22

                23

                24

                25

                26

                27

                28

                29

                30
                31

                32

                33

                34

                35

                36

                37

                38

                39

            ID: 221632
            +King Thoras Trollbane
                1

                2

                3

                4

                5

                6

                7

                8

                9

                10
                11

                12

                13

                14

                15

                16

                17

                18

                19

                20
                21

                22

                23

                24

                25

                26

                27

                28

                29

                30
                31

                32

                33

                34

                35

                36

                37

            ID: 221635
            +Lesser Ghoul
                1

                2

                3

                4

                5

                6

                7

                8

                9

                10
                11

                12

                13

                14

                15

                16

                17

                18

                19

                20
                21

                22

                23

                24

                25

                26

                27

                28

                29

                30
                31

                32

                33

                34

                35

                36

                37

                38

                39

                40
                41

                42

                43

                44

                45

                46

                47

                48

                49

                50
                51

                52

                53

                54

                55

                56

                57

                58

                59

                60
                61

                62

                63

                64

                65

                66

                67

                68

                69

                70
                71

                72

                73

                74

                75

                76

                77

                78

                79

                80
                81

                82

                83

                84

                85

                86

                87

                88

                89

                90
                91

                92

                93

                94

                95

                96

                97

                98

                99

                100
                101

                102

                103

                104

                105

                106

                107

                108

                109

                110
                111

                112

                113

                114

                115

                116

                117

                118

                119

                120
                121

                122

                123

                124

                125

                126

                127

                128

                129

                130
                131

                132

                133

                134

                135

                136

                137

                138

                139

                140
                141

                142

                143

                144

                145

                146

                147

                148

                149

                150
                151

                152

                153

                154

                155

                156

                157

                158

                159

                160
                161

                162

                163

                164

                165

                166

                167

                168

                169

                170
                171

                172

                173

                174

                175

                176

                177

                178

                179

                180
                181

                182

                183

                184

                185

                186

                187

                188

                189

                190
                191

                192

                193

                194

                195

                196

                197

                198

                199

                200
                201

                202

                203

                204

                205

                206

                207

                208

                209

                210
                211

                212

                213

                214

                215

                216

                217

                218

                219

                220
                221

                222

                223

                224

                225

                226

                227

                228

                229

                230
                231

                232

                233

                234

                235

                236

                237

                238

                239

                240
                241

                242

                243

                244

                245

                246

                247

                248

                249

                250
                251

                252

                253

                254

                255

                256

                257

                258

                259

                260
                261

                262

                263

                264

                265

                266

                267

                268

                269

                270
                271

                272

                273

                274

                275

                276

                277

                278

                279

                280
                281

                282

                283

                284

                285

                286

                287

                288

                289

                290
                291

                292

                293

                294

                295

                296

                297

                298

                299

                300
                301

                302

                303

                304

                305

                306

                307

                308

                309

                310
                311

                312

                313

                314

                315

                316

                317

                318

                319

                320
                321

                322

                323

                324

                325

                326

                327

                328

                329

                330
                331

                332

                333

                334

                335

                336

                337

                338

                339

                340
                341

                342

                343

                344

                345

                346

                347

                348

                349

                350
                351

                352

                353

                354

                355

                356

                357

                358

                359

                360
                361

                362

                363

                364

                365

                366

                367

                368

                369

                370
                371

                372

                373

                374

                375

                376

                377

                378

                379

                380
                381

                382

                383

                384

                385

                386

                387

                388

                389

                390
                391

                392

                393

                394

                395

                396

                397

                398

                399

                400
                401

                402

                403

                404

                405

                406

                407

                408

                409

                410
                411

                412

                413

                414

                415

                416

                417

                418

                419

                420
                421

                422

                423

                424

                425

                426

                427

                428

                429

                430
                431

                432

                433

                434

                435

                436

                437

                438

                439

                440
                441

                442

                443

                444

                445

                446

                447

                448

                449

                450
                451

                452

                453

                454

                455

                456

                457

                458

                459

                460
                461

                462

                463

                464

                465

                466

                467

                468

                469

                470
                471

                472

                473

                474

                475

                476

                477

                478

                479

                480
                481

                482

                483

                484

                485

                486

                487

                488

                489

                490
                491

                492

                493

                494

                495

                496

                497

                498

                499

                500
                501

                502

                503

                504

                505

                506

                507

                508

                509

                510
                511

                512

                513

                514

                515

                516

                517

                518

                519

                520
                521

                522

                523

                524

                525

                526

                527

                528

                529

                530
                531

                532

                533

                534

                535

                536

                537

                538

                539

                540
                541

                542

                543

                544

                545

                546

                547

                548

                549

                550
                551

                552

                553

                554

                555

                556

                557

                558

                559

                560
                561

                562

                563

                564

                565

                566

                567

                568

                569

                570
                571

                572

                573

                574

                575

                576

                577

                578

                579

                580
                581

                582

                583

                584

                585

                586

                587

                588

                589

                590
                591

                592

                593

                594

                595

                596

                597

                598

                599

                600
                601

                602

                603

                604

                605

                606

                607

                608

                609

                610
                611

                612

                613

                614

                615

                616

                617

                618

                619

                620
                621

                622

                623

                624

                625

                626

                627

                628

                629

                630
                631

                632

                633

                634

                635

                636

                637

                638

                639

                640
                641

                642

                643

                644

                645

                646

                647

                648

                649

                650
                651

                652

                653

                654

                655

                656

                657

                658

                659

                660
                661

                662

                663

                664

                665

                666

                667

                668

                669

                670
                671

                672

                673

                674

                675

                676

                677

                678

                679

                680
                681

                682

                683

                684

                685

                686

                687

                688

                689

                690
                691

                692

                693

                694

                695

                696

                697

                698

                699

                700
                701

                702

                703

                704

                705

                706

                707

                708

                709

                710
                711

                712

                713

                714

                715

                716

                717

                718

                719

                720
                721

                722

                723

                724

                725

                726

                727

                728

                729

                730
                731

                732

                733

                734

                735

                736

                737

                738

                739

                740
                741

                742

                743

                744

                745

                746

                747

                748

                749

                750
                751

                752

                753

                754

                755

                756

                757

                758

                759

                760
                761

                762

                763

                764

                765

                766

                767

                768

                769

                770
                771

                772

                773

                774

                775

                776

                777

                778

                779

                780
                781

                782

                783

                784

                785

                786

                787

                788

                789

                790
                791

                792

                793

                794

                795

                796

                797

                798

                799

                800
                801

                802

                803

                804

                805

                806

                807

                808

                809

                810
                811

                812

                813

                814

                815

                816

            ID: 237409
            +Lesser Ghoul
                1

                2

                3

                4

                5

                6

                7

                8

                9

                10
                11

                12

                13

                14

                15

                16

                17

                18

                19

                20
                21

                22

                23

                24

                25

                26

                27

                28

                29

                30
                31

                32

                33

                34

                35

                36

                37

                38

                39

                40
                41

                42

                43

                44

                45

                46

                47

                48

                49

                50
                51

                52

                53

                54

                55

                56

                57

                58

                59

                60
                61

                62

                63

                64

                65

                66

                67

                68

                69

                70
                71

                72

                73

                74

                75

                76

                77

                78

                79

                80
                81

                82

                83

                84

                85

                86

                87

                88

                89

                90
                91

                92

                93

                94

                95

                96

                97

                98

                99

                100
                101

                102

                103

                104

                105

                106

                107

                108

                109

                110
                111

                112

                113

                114

                115

                116

                117

                118

                119

                120
                121

                122

                123

                124

                125

                126

                127

                128

                129

                130
                131

                132

                133

                134

                135

                136

                137

                138

                139

                140
                141

                142

                143

                144

                145

                146

                147

                148

                149

                150
                151

                152

                153

                154

                155

                156

                157

                158

                159

                160
                161

                162

                163

                164

                165

                166

                167

                168

                169

                170
                171

                172

                173

                174

                175

                176

                177

                178

                179

                180
                181

                182

                183

                184

                185

                186

                187

                188

                189

                190
                191

                192

                193

                194

                195

                196

                197

                198

                199

                200
                201

                202

                203

                204

                205

                206

                207

                208

                209

                210
                211

                212

                213

                214

                215

                216

                217

                218

                219

                220
                221

                222

                223

                224

                225

                226

                227

                228

                229

                230
                231

                232

                233

                234

                235

                236

                237

                238

                239

                240
                241

                242

                243

                244

                245

                246

                247

                248

                249

                250
                251

                252

                253

                254

                255

                256

                257

                258

                259

                260
                261

                262

                263

                264

                265

                266

                267

                268

                269

                270
                271

                272

                273

                274

                275

                276

                277

                278

                279

                280
                281

                282

                283

                284

                285

                286

                287

                288

                289

                290
                291

                292

                293

                294

                295

                296

                297

                298

                299

                300
                301

                302

                303

                304

                305

                306

                307

                308

                309

                310
                311

                312

                313

                314

                315

                316

            ID: 258578
            Limbrobber
            +Magus of the Dead
                1

                2

                3

                4

                5

                6

                7

                8

                9

                10
                11

                12

                13

                14

                15

                16

                17

                18

                19

                20
                21

                22

                23

                24

                25

                26

                27

                28

                29

                30
                31

                32

                33

                34

                35

                36

                37

                38

                39

                40
                41

                42

                43

                44

                45

                46

                47

                48

                49

                50
                51

                52

                53

                54

                55

                56

                57

                58

                59

                60
                61

                62

                63

                64

                65

                66

                67

                68

                69

                70
                71

                72

                73

                74

                75

                76

                77

                78

                79

                80
                81

                82

                83

                84

                85

                86

                87

                88

                89

                90
                91

                92

                93

                94

                95

                96

                97

                98

                99

                100
                101

                102

                103

                104

                105

                106

                107

                108

                109

                110
                111

                112

                113

                114

                115

                116

                117

                118

                119

                120
                121

                122

                123

                124

                125

                126

                127

                128

                129

                130
                131

                132

                133

                134

                135

                136

                137

                138

                139

                140
                141

                142

                143

                144

                145

                146

                147

                148

                149

                150
                151

                152

                153

                154

                155

                156

                157

                158

                159

                160
                161

                162

                163

                164

                165

                166

                167

                168

                169

                170
                171

                172

                173

                174

                175

                176

                177

                178

                179

                180
                181

                182

                183

                184

                185

                186

                187

                188

                189

                190
                191

                192

                193

                194

                195

                196

                197

                198

                199

                200
                201

                202

                203

                204

                205

                206

                207

                208

                209

                210
                211

                212

                213

                214

                215

                216

                217

                218

                219

                220
                221

                222

                223

                224

                225

                226

                227

                228

                229

                230
                231

                232

                233

                234

                235

                236

                237

                238

                239

                240
                241

                242

                243

                244

                245

                246

                247

                248

                249

                250
                251

                252

                253

                254

                255

                256

                257

                258

                259

                260
                261

                262

                263

                264

                265

                266

                267

                268

                269

                270
                271

                272

                273

                274

                275

                276

                277

                278

                279

                280
                281

                282

                283

                284

                285

                286

                287

                288

                289

                290
                291

                292

                293

                294

                295

                296

                297

                298

                299

                300
                301

                302

                303

                304

                305

                306

                307

                308

                309

                310
                311

                312

                313

                314

                315

                316

                317

                318

                319

                320
                321

                322

                323

                324

                325

                326

                327

                328

                329

                330
                331

                332

                333

                334

                335

                336

                337

                338

                339

                340
                341

                342

                343

                344

                345

                346

                347

                348

                349

                350
                351

                352

                353

                354

                355

                356

                357

                358

                359

                360
                361

                362

                363

                364

                365

            ID: 163366
            +Nazgrim
                1

                2

                3

                4

                5

                6

                7

                8

                9

                10
                11

                12

                13

                14

                15

                16

                17

                18

                19

                20
                21

                22

                23

                24

                25

                26

                27

                28

                29

                30
                31

                32

                33

                34

                35

                36

                37

                38

            ID: 221634
        Rotiyo
        +Delanu
            +Dread Shade
                1

                2

                3

                4

                5

                6

                7

                8

                9

                10
                11

                12

                13

                14

                15

                16

                17

                18

                19

                20
                21

                22

                23

                24

                25

                26

                27

                28

                29

                30
                31

                32

                33

                34

                35

                36

                37

                38

                39

                40
                41

            ID: 251422
        +Powerpegging
            +Dracthyr Commando
                1

                2

                3

                4

                5

                6

                7

                8

                9

                10
                11

                12

                13

                14

                15

                16

                17

                18

                19

                20
                21

                22

                23

                24

                25

                26

                27

                28

                29

                30
                31

                32

                33

                34

                35

                36

                37

                38

                39

                40
                41

                42

                43

                44

                45

                46

                47

                48

                49

                50

            ID: 219827
            +Future Self
                1

                2

                3

                4

                5

                6

                7

                8

                9

                10
                11

                12

                13

                14

                15

                16

                17

                18

                19

                20
                21

                22

                23

                24

                25

                26

            ID: 253466
        +Sygmâ
            +Chi-Ji
                1

                2

                3

                4

                5

                6

                7

                8

                9

                10
                11

                12

            ID: 166949
            +Jade Serpent Statue
                1

                2

                3

                4

                5

                6

                7

                8

                9

                10
                11

                12

                13

                14

                15

                16

                17

                18

                19

                20
                21

                22

                23

                24

                25

                26

                27

                28

                29

                30
                31

                32

                33

                34

                35

                36

                37

                38

                39

                40
                41

                42

                43

                44

                45

                46

                47

                48

                49

                50
                51

                52

                53

                54

                55

                56

                57

                58

                59

            ID: 60849





Friendlies Enemies
Summary
Damage Done
Damage Taken
Healing
Threat
Buffs
Debuffs
Deaths
Interrupts
Dispels
Resources
Casts

    +Ignore Events After Player Deaths
        Ignore Events After Player Deaths
        Ignore Events After A Called Wipe

Filter Expression:

    +
        Heroism
        Downtime
        Player Deaths
        Player Resurrections
        Boss Deaths
        NPC Deaths
        Show All Entries
        Hide All Entries

ZoomPer Second AmountDamage DoneDamage TakenHealing Done00:0002:0004:0006:0008:0010:0012:0014:0016:0018:0020:0022:0024:0026:0028:000k500k1,000k1,500k2,000k2,500k
Group Composition Item Level: 289.80
Tanks:	Delanu
DPS:	Deavdk Rotiyo Powerpegging
Healers:	Sygmâ
Damage Done By Source
Name

Amount

DPS

Rotiyo
28.01%
425.23m 	246,130.0
Deavdk
26.40%
400.83m 	232,001.7
Powerpegging
25.23%
382.94m 	221,651.6
Delanu
14.16%
215.01m 	124,447.3
Sygmâ
6.20%
94.10m 	54,465.3
Healing Done By Source
Name

Amount

HPS

Sygmâ
56.17%
214.57m 	124,196.2
Delanu
32.58%
124.45m 	72,034.3
Powerpegging
4.22%
16.12m 	9,327.6
Rotiyo
4.12%
15.73m 	9,105.2
Deavdk
2.92%
11.16m 	6,458.1
Damage Taken By Ability
Name

Amount

DTPS

Melee
33.07%
123.75m 	71,626.9
Spectral Strikes
9.36%
35.04m 	20,280.9
Withering Miasma
8.77%
32.83m 	18,999.7
Deathgorged Vessel
6.30%
23.57m 	13,644.3
Searing Presence
6.06%
22.69m 	13,135.8
Grim Ward
3.42%
12.80m 	7,406.5
Lingering Dread
2.87%
10.74m 	6,216.3
Spirit Rend
2.64%
9.88m 	5,716.4
Infected Pinions
2.62%
9.80m 	5,673.4
Dread Slash
2.09%
7.84m 	4,535.6
Necrotic Convergence
2.09%
7.82m 	4,525.1
Ritual Drums
2.06%
7.71m 	4,460.9
Barrage
1.56%
5.82m 	3,371.2
Sear
1.48%
5.53m 	3,203.3
Necrotic Wave
1.35%
5.05m 	2,922.1
Crunch Armor
1.30%
4.85m 	2,806.4
Open Wound
1.17%
4.40m 	2,544.3
Soulstorms
1.02%
3.81m 	2,204.0
Soulbind
0.94%
3.51m 	2,034.3
Drain Soul
0.87%
3.26m 	1,889.6
Withering Soul
0.78%
2.93m 	1,694.3
Piercing Screech
0.72%
2.70m 	1,561.7
Deafening Roar
0.70%
2.62m 	1,519.2
Spiritbreaker
0.70%
2.62m 	1,516.9
Shadowfrost Blast
0.63%
2.36m 	1,363.7
Magma Surge
0.47%
1.77m 	1,025.6
Cries of the Fallen
0.45%
1.70m 	983.8
Stretch Time
0.42%
1.58m 	915.6
Shrink
0.42%
1.57m 	910.7
Frost Nova
0.40%
1.51m 	874.6
Final Pursuit
0.40%
1.48m 	856.3
Staggering Blow
0.36%
1.35m 	784.2
Spiritbreaker
0.32%
1.19m 	686.3
Shadow Bolt
0.31%
1.18m 	681.7
Flanking Spear
0.31%
1.15m 	662.9
Diseased Claws
0.27%
996.8k 	576.9
Throw Spear
0.26%
984.6k 	569.9
Unmake
0.19%
705.3k 	408.2
Shredding Talons
0.13%
480.1k 	277.9
Crush Souls
0.12%
460.0k 	266.3
Coalesced Death
0.12%
457.2k 	264.6
Icy Slick
0.11%
426.0k 	246.6
Falling
0.10%
369.1k 	213.7
Ritual Sacrifice
0.07%
271.6k 	157.2
Cries of the Fallen
0.07%
264.5k 	153.1
Spectral Decay
0.06%
225.8k 	130.7
Ancestral Crush
0.04%
150.9k 	87.3
Deaths
Name

Killing Blow

Time

Sygmâ 	Infected Pinions 	7:59
Sygmâ 	Lingering Dread 	20:10
Characters
Tanks

Class Talents

Spec Talents

Gear

Combat Potions

Healthstones & Potions
Delanu
Druid (Guardian)
290 Item Level
Rake
Frenzied Regeneration
Ursoc's Spirit
Grievous Wounds
Swipe
Remove Corruption
Verdant Heart
Nurturing Instinct 2
Killer Instinct 2
Ironfur
Improved Barkskin
Natural Recovery
Primal Fury
Thick Hide
Skull Bash
Wild Charge
Soothe
Aessina's Renewal
Typhoon
Stampeding Roar
Well-Honed Instincts
Feline Swiftness
Lingering Healing
Ursol's Vortex
Lycara's Teachings 2
Gift of the Wild
Oakskin
Lore of the Grove
Improved Stampeding Roar
Incapacitating Roar
Symbiotic Relationship
Circle of the Wild
Heart of the Wild
Fluid Form

Maul
Gore
Survival Instincts
Persistence
Dream of Cenarius
Vulnerable Flesh
Berserk
Innate Resolve
After the Wildfire
Survival of the Fittest 2
Scintillating Moonlight 2
Reinvigoration 1
Ursol's Warding
Natural Resilience
Reinforced Fur
Gift of an Ancient Guardian
Ursoc's Endurance
Rend and Tear
Lunar Beam
Fury of Nature 2
Blood Frenzy
Twin Moonfire
Flashing Claws 2
Ursoc's Fury
Elune's Favored
Incarnation: Guardian of Ursoc
Ursoc's Guidance
Galactic Guardian
Sundering Roar
Waking Nightmare
		6 	1
DPS

Class Talents

Spec Talents

Gear

Combat Potions
Deavdk
Death Knight (Unholy)
290 Item Level
Death Strike
Icebound Fortitude
Raise Dead
Runic Attenuation
Improved Death Strike
Cleaving Strikes
Blinding Sleet
Gloom Ward 2
Unholy Momentum 2
Mind Freeze
Wraith Walk
Enfeeble
Brittle
Veteran of the Third War
Coldthirst
Permafrost
Anti-Magic Zone
Unholy Bond
Icy Talons
Death Notes
Anti-Magic Barrier
Grip of the Dead
Asphyxiate
Suppression
Unholy Endurance
Insidious Chill
Blood Draw
Will of the Necropolis 2
Rune Mastery 2
Death's Echo
Null Magic

Outbreak
Scourge Strike
Sudden Doom
Dark Transformation
Putrefy
Clawing Shadows
Foul Infections
Grave Mastery
Necromancer's Cunning
Magus of the Dead
Soul Reaper
Festering Scythe
Ebon Fever
Cycle of Death
Ghoulish Frenzy
Army of the Dead
Menacing Magus
Reaping
Raise Abomination
Harbinger of Doom
Unholy Devotion
Doomed Bidding
Blightburst
Putrid Echoes
Commander of the Dead 2
Unholy Aura 2
Outnumber
Reanimation
Forbidden Knowledge 1
Forbidden Knowledge 2
Forbidden Knowledge 1
		6
Rotiyo
Demon Hunter (Devourer)
290 Item Level
Vengeful Retreat
Sigil of Misery
Voidblade
Unrestrained Fury
Shattered Restoration
Bouncing Glaives
Imprison
Improved Disrupt
Consume Magic
Void Nova
Aura of Pain
Disrupting Fury
Swallowed Anger
Blazing Path
Focused Ire
Burn It Out
Soul Rending 2
Pursuit
Illidari Knowledge 2
Will of the Illidari 2
Guile
Remorseless
Internal Struggle
First In, Last Out
Furious
Demon Muzzle
Soul Splitter 2
Darkness
Final Breath
Pitch Black
Demonic Resilience

Void Ray
Soul Immolation
Predator's Thirst
Void Metamorphosis
Feast of Souls
Tempered Soul
Collapsing Star
Moment of Craving
Soulshaper
Waste Not
Entropy
Sweet Suffering 2
Sweet Release 2
Improved Consume
Voidpurge
Focused Ray
Voidrage 2
Devourer's Edge 2
Demonic Instinct 2
Rolling Torment
Impending Apocalypse
Calamitous
Star Fragments
Eradicate
Emptiness
Midnight 1
Midnight 2
Midnight 1
		6
Powerpegging
Evoker (Augmentation)
290 Item Level
Expunge
Obsidian Scales
Landslide
Natural Convergence
Verdant Embrace
Heavy Wingbeats
Obsidian Bulwark
Innate Magic 2
Cauterizing Flame
Inner Radiance
Clobbering Sweep
Attuned to the Dream 2
Sleep Walk
Instinctive Arcana 2
Tip the Scales
Draconic Legacy
Extended Flight 2
Inherent Resistance 2
Blast Furnace
Panacea
Renewing Blaze
Rescue
Stretch Time
Source of Magic
Foci of Life
Leaping Flames
Aerial Mastery
Potent Mana
Terror of the Skies
Zephyr
Spatial Paradox

Ebon Might
Eruption
Essence Burst
Ricocheting Pyroclast
Essence Attunement
Pupil of Alexstrasza
Quell
Upheaval
Defy Fate
Breath of Eons
Improved Defy Fate
Power Nexus
Volcanism
Ignition Rush
Chrono Ward
Draconic Attunements
Prescience
Tectonic Locus
Momentum Shift
Fate Mirror
Hoarded Power
Anachronism
Inferno's Blessing
Accretion
Time Skip
Imminent Destruction
Rumbling Earth
Plot the Future
Interwoven Threads
Mighty Inferno
Duplicate 1
Duplicate 2
Duplicate 1
		6
Healers

Class Talents

Spec Talents

Gear

Combat Potions

Healthstones & Potions
Sygmâ
Monk (Mistweaver)
289 Item Level
Soothing Mist
Paralysis
Rising Sun Kick
Elusive Mists
Tiger's Lust
Fast Feet
Grace of the Crane
Calming Presence
Improved Detox
Ancient Arts 2
Vivacious Vivification
Chi Warding
Pressure Points
Transcendence
Celerity
Chi Wave
Ring of Peace
Ferocity of Xuen 2
Tiger Tail Sweep
Dance of the Wind
Yu'lon's Grace
Fortifying Brew
Mist Caller
Save Them All
Expeditious Fortification
Vital Clarity
Jade Infusion
Diffuse Magic
Chi Proficiency 2
Martial Instincts 2
Lighter Than Air
Flow of Chi

Enveloping Mist
Misty Coalescence
Thunder Focus Tea
Life Cocoon
Invigorating Mists
Mana Tea
Crane Style
Healing Elixir
Revival
Calming Coalescence
Energizing Brew
Way of the Crane
Mists of Life
Rapid Diffusion 2
Invoke Chi-Ji, the Red Crane
Mist Wrap
Chrysalis
Lotus Infusion
Celestial Harmony
Gift of the Celestials
Focused Thunder
Sheilun's Gift
Morning Breeze
Pool of Mists
Jadefire Teachings
Veil of Pride
Secret Infusion 2
Emperor's Elixir
Dance of Chi-Ji
Rising Mist
Legacy of Wisdom
Mistline
		5 	0
Warcraft Logs Logo
HEY THERE.We all want Warcraft Logs to remain free.
We work hard to offer you the best possible experience.
Help us by disabling your Adblock or supporting us on Patreon.
Guild logo
Warcraft Logs
Contact Us
-
Privacy Policy
-
Video Terms of Service
-
Careers
twitter's Icon Logo
discord's Icon Logo
patreon's Icon Logo
Latest Article
Archon App: Cloud Video Released!
4 days ago
Resources
Forums
Subscribe
Help and Info
Brand
Our Websites
Archon
WoW Retail
WoW Classic
WoW SoD
WoW Classic Fresh
WoW Vanilla
Final Fantasy XIV
Elder Scrolls Online
SWTOR
Latest Raid
Statistics
Rankings
Progress
All Reports
Our Tools
Download App
WoWAnalyzer
Wipefest
Recruitment
© 2013-2026 Warcraft Logs
