

    Midnight
    Mists of Pandaria
    Classic Fresh
    Season of Discovery
    Vanilla

Warcraft Logs
Enter a player, guild, or realm
Enter a player, guild, or realm
Search
101
Download Archon App

    Deutsch
    English
    Español
    Français
    Italiano
    Português (Brasil)
    Русский
    한국어
    繁體中文
    简体中文

Mythic+ Season 1
Created by BudoBoy07 on Thu May 21 2026

    Edit Report
    Delete Report
    Make Private
    View in Anonymous Mode

Settings
+

    VS / DR / MQD
    BudoBoy07 - (Public) - 22 minutes ago
    Mythic+ Season 1
    BudoBoy07 - (Public) - 22 minutes ago
    Sporefall
    BudoBoy07 - (Public) - 2 months ago
    Sporefall
    BudoBoy07 - (Public) - 2 months ago

BudoBoy07
Personal Logs
+
Maisara Caverns+
Last Run - +21 [Fortified] [Tyrannical] [Xal'atath's Guile] (33:06) 6:05 PM

    + Bosses and Trash
        Bosses and Trash
        Bosses
        Trash
        Muro'jin and Nekraxx
        Vordaza
        Rak'tul, Vessel of Souls
        Pull 1 (0:51) +0:11
        Dread Souleater
        Pull 2 (3:45) +1:06
        Hulking Juggernaut
        Pull 3 (1:15) +4:55
        Frenzied Berserker
        Pull 4 (1:09) +6:24
        Hex Guardian
        Pull 5 (1:26) +7:37
        Dread Souleater
        Pull 6 (3:32) +9:04
        Muro'jin and Nekraxx
        Pull 7 (1:51) +13:11
        Rokh'zal
        Pull 8 (5:33) +15:07
        Restless Gnarldin
        Pull 9 (3:20) +20:41
        Vordaza
        Pull 10 (3:04) +24:07
        Bound Defender
        Pull 11 (0:19) +27:24
        Zaib'yan
        Pull 12 (4:11) +27:48
        Rak'tul, Vessel of Souls

Entire Dungeon

    + All Friendlies
        +Sngmtokos
            +Abomination
                1

                2

                3

                4

                5

                6

                7

                8

                9

                10
                11

                12

                13

                14

                15

                16

                17

                18

            ID: 149555
            +High Inquisitor Whitemane
                1

                2

                3

                4

                5

                6

                7

                8

                9

                10
                11

                12

                13

                14

                15

                16

                17

                18

                19

                20
                21

                22

                23

                24

                25

                26

                27

                28

                29

                30
                31

                32

                33

                34

                35

                36

                37

                38

                39

                40
                41

                42

                43

                44

                45

                46

                47

                48

                49

            ID: 221633
            +Highlord Darion Mograine
                1

                2

                3

                4

                5

                6

                7

                8

                9

                10
                11

                12

                13

                14

                15

                16

                17

                18

                19

                20
                21

                22

                23

                24

                25

                26

                27

                28

                29

                30
                31

                32

                33

                34

                35

                36

                37

                38

                39

            ID: 221632
            +King Thoras Trollbane
                1

                2

                3

                4

                5

                6

                7

                8

                9

                10
                11

                12

                13

                14

                15

                16

                17

                18

                19

                20
                21

                22

                23

                24

                25

                26

                27

                28

                29

                30
                31

                32

                33

                34

                35

                36

                37

                38

                39

                40

            ID: 221635
            +Lesser Ghoul
                1

                2

                3

                4

                5

                6

                7

                8

                9

                10
                11

                12

                13

                14

                15

                16

                17

                18

                19

                20
                21

                22

                23

                24

                25

                26

                27

                28

                29

                30
                31

                32

                33

                34

                35

                36

                37

                38

                39

                40
                41

                42

                43

                44

                45

                46

                47

                48

                49

                50
                51

                52

                53

                54

                55

                56

                57

                58

                59

                60
                61

                62

                63

                64

                65

                66

                67

                68

                69

                70
                71

                72

                73

                74

                75

                76

                77

                78

                79

                80
                81

                82

                83

                84

                85

                86

                87

                88

                89

                90
                91

                92

                93

                94

                95

                96

                97

                98

                99

                100
                101

                102

                103

                104

                105

                106

                107

                108

                109

                110
                111

                112

                113

                114

                115

                116

                117

                118

                119

                120
                121

                122

                123

                124

                125

                126

                127

                128

                129

                130
                131

                132

                133

                134

                135

                136

                137

                138

                139

                140
                141

                142

                143

                144

                145

                146

                147

                148

                149

                150
                151

                152

                153

                154

                155

                156

                157

                158

                159

                160
                161

                162

                163

                164

                165

                166

                167

                168

                169

                170
                171

                172

                173

                174

                175

                176

                177

                178

                179

                180
                181

                182

                183

                184

                185

                186

                187

                188

                189

                190
                191

                192

                193

                194

                195

                196

                197

                198

                199

                200
                201

                202

                203

                204

                205

                206

                207

                208

                209

                210
                211

                212

                213

                214

                215

                216

                217

                218

                219

                220
                221

                222

                223

                224

                225

                226

                227

                228

                229

                230
                231

                232

                233

                234

                235

                236

                237

                238

                239

                240
                241

                242

                243

                244

                245

                246

                247

                248

                249

                250
                251

                252

                253

                254

                255

                256

                257

                258

                259

                260
                261

                262

                263

                264

                265

                266

                267

                268

                269

                270
                271

                272

                273

                274

                275

                276

                277

                278

                279

                280
                281

                282

                283

                284

                285

                286

                287

                288

                289

                290
                291

                292

                293

                294

                295

                296

                297

                298

                299

                300
                301

                302

                303

                304

                305

                306

                307

                308

                309

                310
                311

                312

                313

                314

                315

                316

                317

                318

                319

                320
                321

                322

                323

                324

                325

                326

                327

                328

                329

                330
                331

                332

                333

                334

                335

                336

                337

                338

                339

                340
                341

                342

                343

                344

                345

                346

                347

                348

                349

                350
                351

                352

                353

                354

                355

                356

                357

                358

                359

                360
                361

                362

                363

                364

                365

                366

                367

                368

                369

                370
                371

                372

                373

                374

                375

                376

                377

                378

                379

                380
                381

                382

                383

                384

                385

                386

                387

                388

                389

                390
                391

                392

                393

                394

                395

                396

                397

                398

                399

                400
                401

                402

                403

                404

                405

                406

                407

                408

                409

                410
                411

                412

                413

                414

                415

                416

                417

                418

                419

                420
                421

                422

                423

                424

                425

                426

                427

                428

                429

                430
                431

                432

                433

                434

                435

                436

                437

                438

                439

                440
                441

                442

                443

                444

                445

                446

                447

                448

                449

                450
                451

                452

                453

                454

                455

                456

                457

                458

                459

                460
                461

                462

                463

                464

                465

                466

                467

                468

                469

                470
                471

                472

                473

                474

                475

                476

                477

                478

                479

                480
                481

                482

                483

                484

                485

                486

                487

                488

                489

                490
                491

                492

                493

                494

                495

                496

                497

                498

                499

                500
                501

                502

                503

                504

                505

                506

                507

                508

                509

                510
                511

                512

                513

                514

                515

                516

                517

                518

                519

                520
                521

                522

                523

                524

                525

                526

                527

                528

                529

                530
                531

                532

                533

                534

                535

                536

                537

                538

                539

                540
                541

                542

                543

                544

                545

                546

                547

                548

                549

                550
                551

                552

                553

                554

                555

                556

                557

                558

                559

                560
                561

                562

                563

                564

                565

                566

                567

                568

                569

                570
                571

                572

                573

                574

                575

                576

                577

                578

                579

                580
                581

                582

                583

                584

                585

                586

                587

                588

                589

                590
                591

                592

                593

                594

                595

                596

                597

                598

                599

                600
                601

                602

                603

                604

                605

                606

                607

                608

                609

                610
                611

                612

                613

                614

                615

                616

                617

                618

                619

                620
                621

                622

                623

                624

                625

                626

                627

                628

                629

                630
                631

                632

                633

                634

                635

                636

                637

                638

                639

                640
                641

                642

                643

                644

                645

                646

                647

                648

                649

                650
                651

                652

                653

                654

                655

                656

                657

                658

                659

                660
                661

                662

                663

                664

                665

                666

                667

                668

                669

                670
                671

                672

                673

                674

                675

                676

                677

                678

                679

                680
                681

                682

                683

                684

                685

                686

                687

                688

                689

                690
                691

                692

                693

                694

                695

                696

                697

                698

                699

                700
                701

                702

                703

                704

                705

                706

                707

                708

                709

                710
                711

                712

                713

                714

                715

                716

                717

                718

                719

                720
                721

                722

                723

                724

                725

                726

                727

                728

                729

                730
                731

                732

                733

                734

                735

                736

                737

                738

                739

                740
                741

                742

                743

                744

                745

                746

                747

                748

                749

                750
                751

                752

                753

                754

                755

                756

                757

                758

                759

                760
                761

                762

                763

                764

                765

                766

                767

                768

                769

                770
                771

                772

                773

                774

                775

                776

                777

                778

                779

                780
                781

                782

                783

                784

                785

                786

                787

                788

                789

                790
                791

                792

                793

                794

                795

                796

                797

                798

                799

                800
                801

                802

                803

                804

                805

                806

                807

                808

                809

                810
                811

                812

                813

                814

                815

                816

                817

                818

                819

                820
                821

                822

                823

                824

                825

                826

                827

                828

                829

                830
                831

                832

                833

                834

                835

                836

                837

                838

                839

                840
                841

                842

                843

                844

                845

                846

                847

                848

                849

                850
                851

                852

                853

                854

                855

                856

                857

                858

                859

                860
                861

                862

                863

                864

                865

                866

                867

                868

                869

                870
                871

                872

                873

                874

                875

                876

                877

                878

                879

                880
                881

                882

                883

                884

                885

                886

                887

                888

                889

                890
                891

                892

                893

                894

                895

                896

                897

                898

                899

                900
                901

                902

                903

                904

                905

                906

                907

                908

                909

                910
                911

                912

                913

            ID: 237409
            +Lesser Ghoul
                1

                2

                3

                4

                5

                6

                7

                8

                9

                10
                11

                12

                13

                14

                15

                16

                17

                18

                19

                20
                21

                22

                23

                24

                25

                26

                27

                28

                29

                30
                31

                32

                33

                34

                35

                36

                37

                38

                39

                40
                41

                42

                43

                44

                45

                46

                47

                48

                49

                50
                51

                52

                53

                54

                55

                56

                57

                58

                59

                60
                61

                62

                63

                64

                65

                66

                67

                68

                69

                70
                71

                72

                73

                74

                75

                76

                77

                78

                79

                80
                81

                82

                83

                84

                85

                86

                87

                88

                89

                90
                91

                92

                93

                94

                95

                96

                97

                98

                99

                100
                101

                102

                103

                104

                105

                106

                107

                108

                109

                110
                111

                112

                113

                114

                115

                116

                117

                118

                119

                120
                121

                122

                123

                124

                125

                126

                127

                128

                129

                130
                131

                132

                133

                134

                135

                136

                137

                138

                139

                140
                141

                142

                143

                144

                145

                146

                147

                148

                149

                150
                151

                152

                153

                154

                155

                156

                157

                158

                159

                160
                161

                162

                163

                164

                165

                166

                167

                168

                169

                170
                171

                172

                173

                174

                175

                176

                177

                178

                179

                180
                181

                182

                183

                184

                185

                186

                187

                188

                189

                190
                191

                192

                193

                194

                195

                196

                197

                198

                199

                200
                201

                202

                203

                204

                205

                206

                207

                208

                209

                210
                211

                212

                213

                214

                215

                216

                217

                218

                219

                220
                221

                222

                223

                224

                225

                226

                227

                228

                229

                230
                231

                232

                233

                234

                235

                236

                237

                238

                239

                240
                241

                242

                243

                244

                245

                246

                247

                248

                249

                250
                251

                252

                253

                254

                255

                256

                257

                258

                259

                260
                261

                262

                263

                264

                265

                266

                267

                268

                269

                270
                271

                272

                273

                274

                275

                276

                277

                278

                279

                280
                281

                282

                283

                284

                285

                286

                287

                288

                289

                290
                291

                292

                293

                294

                295

                296

                297

                298

                299

                300
                301

                302

                303

                304

                305

                306

                307

                308

                309

                310
                311

                312

                313

                314

                315

                316

                317

                318

                319

                320
                321

                322

                323

                324

                325

                326

                327

                328

                329

                330
                331

                332

                333

                334

                335

                336

                337

                338

                339

                340
                341

                342

            ID: 258578
            +Magus of the Dead
                1

                2

                3

                4

                5

                6

                7

                8

                9

                10
                11

                12

                13

                14

                15

                16

                17

                18

                19

                20
                21

                22

                23

                24

                25

                26

                27

                28

                29

                30
                31

                32

                33

                34

                35

                36

                37

                38

                39

                40
                41

                42

                43

                44

                45

                46

                47

                48

                49

                50
                51

                52

                53

                54

                55

                56

                57

                58

                59

                60
                61

                62

                63

                64

                65

                66

                67

                68

                69

                70
                71

                72

                73

                74

                75

                76

                77

                78

                79

                80
                81

                82

                83

                84

                85

                86

                87

                88

                89

                90
                91

                92

                93

                94

                95

                96

                97

                98

                99

                100
                101

                102

                103

                104

                105

                106

                107

                108

                109

                110
                111

                112

                113

                114

                115

                116

                117

                118

                119

                120
                121

                122

                123

                124

                125

                126

                127

                128

                129

                130
                131

                132

                133

                134

                135

                136

                137

                138

                139

                140
                141

                142

                143

                144

                145

                146

                147

                148

                149

                150
                151

                152

                153

                154

                155

                156

                157

                158

                159

                160
                161

                162

                163

                164

                165

                166

                167

                168

                169

                170
                171

                172

                173

                174

                175

                176

                177

                178

                179

                180
                181

                182

                183

                184

                185

                186

                187

                188

                189

                190
                191

                192

                193

                194

                195

                196

                197

                198

                199

                200
                201

                202

                203

                204

                205

                206

                207

                208

                209

                210
                211

                212

                213

                214

                215

                216

                217

                218

                219

                220
                221

                222

                223

                224

                225

                226

                227

                228

                229

                230
                231

                232

                233

                234

                235

                236

                237

                238

                239

                240
                241

                242

                243

                244

                245

                246

                247

                248

                249

                250
                251

                252

                253

                254

                255

                256

                257

                258

                259

                260
                261

                262

                263

                264

                265

                266

                267

                268

                269

                270
                271

                272

                273

                274

                275

                276

                277

                278

                279

                280
                281

                282

                283

                284

                285

                286

                287

                288

                289

                290
                291

                292

                293

                294

                295

                296

                297

                298

                299

                300
                301

                302

                303

                304

                305

                306

                307

                308

                309

                310
                311

                312

                313

                314

                315

                316

                317

                318

                319

                320
                321

                322

                323

                324

                325

                326

                327

                328

                329

                330
                331

                332

                333

                334

                335

                336

                337

                338

                339

                340
                341

                342

                343

                344

                345

                346

                347

                348

                349

                350
                351

                352

                353

                354

                355

                356

                357

                358

                359

                360
                361

                362

                363

                364

                365

                366

                367

                368

                369

                370
                371

                372

                373

                374

                375

                376

                377

                378

                379

                380
                381

                382

                383

                384

                385

                386

                387

                388

            ID: 163366
            +Nazgrim
                1

                2

                3

                4

                5

                6

                7

                8

                9

                10
                11

                12

                13

                14

                15

                16

                17

                18

                19

                20
                21

                22

                23

                24

                25

                26

                27

                28

                29

                30
                31

                32

                33

                34

                35

                36

                37

                38

                39

                40
                41

                42

                43

                44

                45

            ID: 221634
            Ribgrinder
        Менябьётмама
        +Powerpegging
            +Dracthyr Commando
                1

                2

                3

                4

                5

                6

                7

                8

                9

                10
                11

                12

                13

                14

                15

                16

                17

                18

                19

                20
                21

                22

                23

                24

                25

                26

                27

                28

                29

                30
                31

                32

                33

                34

                35

                36

                37

                38

                39

                40
                41

                42

                43

                44

                45

                46

                47

                48

                49

                50

            ID: 219827
            +Future Self
                1

                2

                3

                4

                5

                6

                7

                8

                9

                10
                11

                12

                13

                14

                15

                16

                17

                18

                19

                20
                21

                22

                23

                24

                25

                26

            ID: 253466
        +Embiire
            +Chi-Ji
                1

                2

                3

                4

                5

                6

                7

                8

                9

                10
                11

                12

                13

                14

                15

            ID: 166949
            +Jade Serpent Statue
                1

                2

                3

                4

                5

                6

                7

                8

                9

                10
                11

                12

                13

                14

                15

                16

                17

                18

                19

                20
                21

                22

                23

                24

                25

                26

                27

                28

                29

                30
                31

                32

                33

                34

                35

                36

                37

                38

                39

                40
                41

                42

                43

                44

                45

                46

                47

                48

                49

                50
                51

            ID: 60849
        +Римурумонк
            +Niuzao
                1

                2

                3

                4

                5

                6

                7

                8

                9

                10
                11

                12

                13

                14

            ID: 73967




Friendlies Enemies
Summary
Damage Done
Damage Taken
Healing
Threat
Buffs
Debuffs
Deaths
Interrupts
Dispels
Resources
Casts

    +Ignore Events After Player Deaths
        Ignore Events After Player Deaths
        Ignore Events After A Called Wipe

Filter Expression:

    +
        Heroism
        Downtime
        Player Deaths
        Player Resurrections
        Boss Deaths
        NPC Deaths
        Show All Entries
        Hide All Entries

ZoomPer Second AmountDamage DoneDamage TakenHealing Done00:0005:0010:0015:0020:0025:0030:000k500k1,000k1,500k2,000k2,500k
Group Composition Item Level: 288.80
Tanks:	Римурумонк
DPS:	Sngmtokos Менябьётмама Powerpegging
Healers:	Embiire
Damage Done By Source
Name

Amount

DPS

Менябьётмама
28.70%
419.85m 	218,691.3
Sngmtokos
26.10%
381.85m 	198,900.4
Powerpegging
25.30%
370.10m 	192,778.4
Римурумонк
14.26%
208.71m 	108,711.6
Embiire
5.65%
82.59m 	43,022.0
Healing Done By Source
Name

Amount

HPS

Embiire
50.16%
215.78m 	112,395.9
Римурумонк
38.78%
166.81m 	86,888.5
Powerpegging
4.11%
17.66m 	9,201.1
Менябьётмама
4.08%
17.53m 	9,131.8
Sngmtokos
2.88%
12.40m 	6,460.4
Damage Taken By Ability
Name

Amount

DTPS

Melee
23.45%
97.34m 	50,704.9
Stagger
21.46%
89.08m 	46,402.3
Withering Miasma
6.90%
28.65m 	14,921.6
Searing Presence
6.18%
25.65m 	13,361.9
Deathgorged Vessel
5.92%
24.57m 	12,795.8
Grim Ward
4.39%
18.22m 	9,488.8
Spectral Strikes
3.77%
15.66m 	8,158.7
Infected Pinions
3.37%
13.99m 	7,286.6
Necrotic Convergence
2.09%
8.68m 	4,522.4
Lingering Dread
1.98%
8.23m 	4,286.2
Spirit Rend
1.58%
6.57m 	3,423.8
Sear
1.55%
6.42m 	3,344.2
Soulbind
1.31%
5.44m 	2,833.1
Barrage
1.22%
5.08m 	2,645.3
Necrotic Wave
1.22%
5.06m 	2,633.2
Withering Soul
1.20%
5.00m 	2,605.0
Ritual Drums
1.15%
4.79m 	2,492.6
Soulstorms
1.12%
4.67m 	2,432.4
Drain Soul
0.83%
3.43m 	1,785.2
Open Wound
0.82%
3.42m 	1,779.1
Dread Slash
0.80%
3.31m 	1,722.1
Deafening Roar
0.73%
3.04m 	1,585.5
Magma Surge
0.68%
2.81m 	1,463.0
Crunch Armor
0.65%
2.71m 	1,409.0
Spiritbreaker
0.64%
2.65m 	1,379.3
Throw Spear
0.59%
2.44m 	1,269.0
Stretch Time
0.51%
2.13m 	1,111.9
Shrink
0.41%
1.70m 	886.7
Flanking Spear
0.40%
1.67m 	869.6
Cries of the Fallen
0.37%
1.53m 	799.4
Spiritbreaker
0.30%
1.26m 	658.0
Frost Nova
0.28%
1.17m 	608.1
Shadowfrost Blast
0.26%
1.10m 	572.3
Shadow Bolt
0.25%
1.05m 	547.5
Volatile Essence
0.25%
1.02m 	533.6
Spectral Decay
0.22%
893.1k 	465.2
Fetid Quillstorm
0.15%
619.1k 	322.5
Coalesced Death
0.14%
573.2k 	298.6
Staggering Blow
0.13%
554.2k 	288.6
Cries of the Fallen
0.12%
513.7k 	267.6
Falling
0.12%
503.4k 	262.2
Shredding Talons
0.10%
426.4k 	222.1
Diseased Claws
0.10%
394.7k 	205.6
Ritual Drums
0.09%
355.2k 	185.0
Crush Souls
0.08%
343.4k 	178.8
Ritual Sacrifice
0.04%
175.6k 	91.5
Piercing Screech
0.03%
140.0k 	72.9
Ancestral Crush
0.03%
122.3k 	63.7
Deaths
Name

Killing Blow

Time

Embiire 	Fetid Quillstorm 	11:54
Embiire 	Coalesced Death 	23:45
Embiire 	Soulstorms 	26:02
Менябьётмама 	Deathgorged Vessel 	28:13
Sngmtokos 	Volatile Essence 	28:20
Characters
Tanks

Class Talents

Spec Talents

Gear

Combat Potions

Healthstones & Potions
Римурумонк
Monk (Brewmaster)
285 Item Level
Stagger
Paralysis
Tiger's Lust
Fast Feet
Detox
Grace of the Crane
Calming Presence
Pressure Points
Spear Hand Strike
Jade Walk
Ancient Arts 2
Transcendence
Chi Torpedo
Chi Burst
Stillstep Coil
Ring of Peace
Improved Touch of Death
Ferocity of Xuen 2
Tiger Tail Sweep
Vigorous Expulsion
Yu'lon's Grace
Fortifying Brew
Dance of the Wind
Strength of Spirit
Expeditious Fortification
Chi Proficiency 2
Chi Transfer
Martial Instincts 2
Lighter Than Air
Flow of Chi
Transcendence: Linked Spirits
Fatal Touch

Keg Smash
Purifying Brew
Shuffle
Improved Blackout Kick
Elixir of Determination
Quick Sip
Gift of the Ox
Spirit of the Ox
Special Delivery
Shadowboxing Treads
Elusive Footwork
Celestial Infusion
Breath of Fire
Training of Niuzao
Gai Plin's Imperial Brew
Pretense of Instability
Zen State
Face Palm
Sal'salabim's Strength
Bob and Weave
Counterstrike
Anvil and Stave 2
Dragonfire Brew
High Tolerance 1
Blackout Combo
Invoke Niuzao, the Black Ox
Vital Flame
Stormstout's Last Keg
Heart of the Ox
Bring Me Another 1
Bring Me Another 2
Bring Me Another 1
		7 	3
DPS

Class Talents

Spec Talents

Gear

Combat Potions

Healthstones & Potions
Sngmtokos
Death Knight (Unholy)
290 Item Level
Death Strike
Icebound Fortitude
Raise Dead
Runic Attenuation
Improved Death Strike
Cleaving Strikes
Blinding Sleet
Gloom Ward 2
Unholy Momentum 2
Mind Freeze
Enfeeble
Brittle
Permafrost
Veteran of the Third War
Coldthirst
Anti-Magic Zone
Unholy Bond
Icy Talons
Anti-Magic Barrier
Grip of the Dead
Death's Reach
Unholy Endurance
Blood Scent
Suppression
Insidious Chill
Runic Protection
Blood Draw
Will of the Necropolis 2
Rune Mastery 2
Death's Echo
Null Magic

Outbreak
Scourge Strike
Sudden Doom
Dark Transformation
Putrefy
Clawing Shadows
Foul Infections
Grave Mastery
Necromancer's Cunning
Magus of the Dead
Soul Reaper
Festering Scythe
Ebon Fever
Cycle of Death
Ghoulish Frenzy
Army of the Dead
Menacing Magus
Reaping
Raise Abomination
Harbinger of Doom
Unholy Devotion
Doomed Bidding
Blightburst
Putrid Echoes
Commander of the Dead 2
Unholy Aura 2
Outnumber
Reanimation
Forbidden Knowledge 1
Forbidden Knowledge 2
Forbidden Knowledge 1
		8 	2
Менябьётмама
Demon Hunter (Devourer)
290 Item Level
Vengeful Retreat
Sigil of Misery
Voidblade
Unrestrained Fury
Shattered Restoration
Bouncing Glaives
Charred Warblades
Imprison
Improved Disrupt
Consume Magic
Void Nova
Aura of Pain
Disrupting Fury
Blazing Path
Focused Ire
Soul Rending 2
Pursuit
Soul Cleanse
Illidari Knowledge 2
Will of the Illidari 2
Guile
Remorseless
Internal Struggle
First In, Last Out
Furious
Demon Muzzle
Soul Splitter 2
Darkness
Final Breath
Pitch Black
Demonic Resilience

Void Ray
Soul Immolation
Predator's Thirst
Void Metamorphosis
Feast of Souls
Tempered Soul
Collapsing Star
Moment of Craving
Soulshaper
Waste Not
Entropy
Sweet Suffering 2
Sweet Release 2
Improved Consume
Voidpurge
Focused Ray
Voidrage 2
Devourer's Edge 2
Demonic Instinct 2
Rolling Torment
Impending Apocalypse
Calamitous
Star Fragments
Eradicate
Emptiness
Midnight 1
Midnight 2
Midnight 1
		5 	3
Powerpegging
Evoker (Augmentation)
290 Item Level
Expunge
Obsidian Scales
Landslide
Natural Convergence
Verdant Embrace
Heavy Wingbeats
Obsidian Bulwark
Innate Magic 2
Cauterizing Flame
Inner Radiance
Clobbering Sweep
Attuned to the Dream 2
Instinctive Arcana 2
Tip the Scales
Draconic Legacy
Extended Flight 2
Inherent Resistance 2
Exuberance
Blast Furnace
Panacea
Renewing Blaze
Rescue
Stretch Time
Source of Magic
Foci of Life
Leaping Flames
Aerial Mastery
Potent Mana
Terror of the Skies
Zephyr
Spatial Paradox

Ebon Might
Eruption
Essence Burst
Ricocheting Pyroclast
Essence Attunement
Pupil of Alexstrasza
Quell
Upheaval
Defy Fate
Breath of Eons
Power Nexus
Volcanism
Ignition Rush
Chrono Ward
Timelessness
Draconic Attunements
Prescience
Tectonic Locus
Momentum Shift
Fate Mirror
Hoarded Power
Anachronism
Inferno's Blessing
Accretion
Time Skip
Imminent Destruction
Rumbling Earth
Plot the Future
Interwoven Threads
Mighty Inferno
Duplicate 1
Duplicate 2
Duplicate 1
		6 	2
Healers

Class Talents

Spec Talents

Gear

Combat Potions

Healthstones & Potions
Embiire
Monk (Mistweaver)
289 Item Level
Soothing Mist
Paralysis
Rising Sun Kick
Elusive Mists
Tiger's Lust
Fast Feet
Grace of the Crane
Calming Presence
Improved Detox
Ancient Arts 2
Vivacious Vivification
Chi Warding
Silent Sanctuary
Transcendence
Celerity
Chi Wave
Ring of Peace
Ferocity of Xuen 2
Tiger Tail Sweep
Dance of the Wind
Yu'lon's Grace
Fortifying Brew
Mist Caller
Save Them All
Expeditious Fortification
Vital Clarity
Jade Infusion
Diffuse Magic
Chi Proficiency 2
Martial Instincts 2
Flow of Chi
Lighter Than Air

Enveloping Mist
Misty Coalescence
Thunder Focus Tea
Life Cocoon
Invigorating Mists
Mana Tea
Crane Style
Healing Elixir
Revival
Calming Coalescence
Energizing Brew
Way of the Crane
Mists of Life
Rapid Diffusion 2
Invoke Chi-Ji, the Red Crane
Mist Wrap
Chrysalis
Lotus Infusion
Celestial Harmony
Gift of the Celestials
Focused Thunder
Sheilun's Gift
Morning Breeze
Pool of Mists
Jadefire Teachings
Veil of Pride
Secret Infusion 2
Emperor's Elixir
Dance of Chi-Ji
Rising Mist
Legacy of Wisdom
Mistline
		4 	0
Warcraft Logs Logo
HEY THERE.We all want Warcraft Logs to remain free.
We work hard to offer you the best possible experience.
Help us by disabling your Adblock or supporting us on Patreon.
