

    Midnight
    Mists of Pandaria
    Classic Fresh
    Season of Discovery
    Vanilla

Warcraft Logs
Enter a player, guild, or realm
Enter a player, guild, or realm
Search
122
Download Archon App

    Deutsch
    English
    Español
    Français
    Italiano
    Português (Brasil)
    Русский
    한국어
    繁體中文
    简体中文

Mythic+ Season 1
Created by BudoBoy07 on Sat May 23 2026

    Edit Report
    Delete Report
    Make Private
    View in Anonymous Mode

Settings
+

    VS / DR / MQD
    BudoBoy07 - (Public) - 42 minutes ago
    Mythic+ Season 1
    BudoBoy07 - (Public) - 42 minutes ago
    Sporefall
    BudoBoy07 - (Public) - 2 months ago
    Sporefall
    BudoBoy07 - (Public) - 2 months ago

BudoBoy07
Personal Logs
+
Nexus-Point Xenas+
+21 [Fortified] [Tyrannical] [Xal'atath's Guile] (29:25) 11:27 PM

    + Bosses and Trash
        Bosses and Trash
        Bosses
        Trash
        Chief Corewright Kasreth
        Corewarden Nysarra
        Lothraxion
        Pull 1 (3:57) +0:16
        Circuit Seer
        Pull 2 (3:44) +4:13
        Chief Corewright Kasreth
        Pull 3 (0:03) +8:01
        Unknown
        Pull 4 (1:41) +8:23
        Null Sentinel
        Pull 5 (4:20) +10:08
        Null Sentinel
        Pull 6 (1:00) +14:35
        Null Sentinel
        Pull 7 (0:14) +15:43
        Hollowsoul Scrounger
        Pull 8 (3:01) +15:58
        Corewarden Nysarra
        Pull 9 (3:58) +19:35
        Lingering Image
        Pull 10 (5:02) +23:47
        Lothraxion

Entire Dungeon

    + All Friendlies
        +Besttáco
            +Abomination
                1

                2

                3

                4

                5

                6

                7

                8

                9

                10
                11

                12

                13

                14

                15

            ID: 149555
            +High Inquisitor Whitemane
                1

                2

                3

                4

                5

                6

                7

                8

                9

                10
                11

                12

                13

                14

                15

                16

                17

                18

                19

                20
                21

                22

                23

                24

                25

                26

                27

                28

                29

                30
                31

                32

                33

                34

                35

                36

                37

                38

                39

                40
                41

                42

                43

                44

                45

                46

                47

                48

            ID: 221633
            +Highlord Darion Mograine
                1

                2

                3

                4

                5

                6

                7

                8

                9

                10
                11

                12

                13

                14

                15

                16

                17

                18

                19

                20
                21

                22

                23

                24

                25

                26

                27

                28

                29

                30
                31

                32

                33

                34

                35

                36

                37

                38

                39

                40
                41

                42

                43

            ID: 221632
            +King Thoras Trollbane
                1

                2

                3

                4

                5

                6

                7

                8

                9

                10
                11

                12

                13

                14

                15

                16

                17

                18

                19

                20
                21

                22

                23

                24

                25

                26

                27

                28

                29

                30
                31

                32

                33

                34

                35

                36

                37

                38

            ID: 221635
            +Lesser Ghoul
                1

                2

                3

                4

                5

                6

                7

                8

                9

                10
                11

                12

                13

                14

                15

                16

                17

                18

                19

                20
                21

                22

                23

                24

                25

                26

                27

                28

                29

                30
                31

                32

                33

                34

                35

                36

                37

                38

                39

                40
                41

                42

                43

                44

                45

                46

                47

                48

                49

                50
                51

                52

                53

                54

                55

                56

                57

                58

                59

                60
                61

                62

                63

                64

                65

                66

                67

                68

                69

                70
                71

                72

                73

                74

                75

                76

                77

                78

                79

                80
                81

                82

                83

                84

                85

                86

                87

                88

                89

                90
                91

                92

                93

                94

                95

                96

                97

                98

                99

                100
                101

                102

                103

                104

                105

                106

                107

                108

                109

                110
                111

                112

                113

                114

                115

                116

                117

                118

                119

                120
                121

                122

                123

                124

                125

                126

                127

                128

                129

                130
                131

                132

                133

                134

                135

                136

                137

                138

                139

                140
                141

                142

                143

                144

                145

                146

                147

                148

                149

                150
                151

                152

                153

                154

                155

                156

                157

                158

                159

                160
                161

                162

                163

                164

                165

                166

                167

                168

                169

                170
                171

                172

                173

                174

                175

                176

                177

                178

                179

                180
                181

                182

                183

                184

                185

                186

                187

                188

                189

                190
                191

                192

                193

                194

                195

                196

                197

                198

                199

                200
                201

                202

                203

                204

                205

                206

                207

                208

                209

                210
                211

                212

                213

                214

                215

                216

                217

                218

                219

                220
                221

                222

                223

                224

                225

                226

                227

                228

                229

                230
                231

                232

                233

                234

                235

                236

                237

                238

                239

                240
                241

                242

                243

                244

                245

                246

                247

                248

                249

                250
                251

                252

                253

                254

                255

                256

                257

                258

                259

                260
                261

                262

                263

                264

                265

                266

                267

                268

                269

                270
                271

                272

                273

                274

                275

                276

                277

                278

                279

                280
                281

                282

                283

                284

                285

                286

                287

                288

                289

                290
                291

                292

                293

                294

                295

                296

                297

                298

                299

                300
                301

                302

                303

                304

                305

                306

                307

                308

                309

                310
                311

                312

                313

                314

            ID: 258578
            +Lesser Ghoul
                1

                2

                3

                4

                5

                6

                7

                8

                9

                10
                11

                12

                13

                14

                15

                16

                17

                18

                19

                20
                21

                22

                23

                24

                25

                26

                27

                28

                29

                30
                31

                32

                33

                34

                35

                36

                37

                38

                39

                40
                41

                42

                43

                44

                45

                46

                47

                48

                49

                50
                51

                52

                53

                54

                55

                56

                57

                58

                59

                60
                61

                62

                63

                64

                65

                66

                67

                68

                69

                70
                71

                72

                73

                74

                75

                76

                77

                78

                79

                80
                81

                82

                83

                84

                85

                86

                87

                88

                89

                90
                91

                92

                93

                94

                95

                96

                97

                98

                99

                100
                101

                102

                103

                104

                105

                106

                107

                108

                109

                110
                111

                112

                113

                114

                115

                116

                117

                118

                119

                120
                121

                122

                123

                124

                125

                126

                127

                128

                129

                130
                131

                132

                133

                134

                135

                136

                137

                138

                139

                140
                141

                142

                143

                144

                145

                146

                147

                148

                149

                150
                151

                152

                153

                154

                155

                156

                157

                158

                159

                160
                161

                162

                163

                164

                165

                166

                167

                168

                169

                170
                171

                172

                173

                174

                175

                176

                177

                178

                179

                180
                181

                182

                183

                184

                185

                186

                187

                188

                189

                190
                191

                192

                193

                194

                195

                196

                197

                198

                199

                200
                201

                202

                203

                204

                205

                206

                207

                208

                209

                210
                211

                212

                213

                214

                215

                216

                217

                218

                219

                220
                221

                222

                223

                224

                225

                226

                227

                228

                229

                230
                231

                232

                233

                234

                235

                236

                237

                238

                239

                240
                241

                242

                243

                244

                245

                246

                247

                248

                249

                250
                251

                252

                253

                254

                255

                256

                257

                258

                259

                260
                261

                262

                263

                264

                265

                266

                267

                268

                269

                270
                271

                272

                273

                274

                275

                276

                277

                278

                279

                280
                281

                282

                283

                284

                285

                286

                287

                288

                289

                290
                291

                292

                293

                294

                295

                296

                297

                298

                299

                300
                301

                302

                303

                304

                305

                306

                307

                308

                309

                310
                311

                312

                313

                314

                315

                316

                317

                318

                319

                320
                321

                322

                323

                324

                325

                326

                327

                328

                329

                330
                331

                332

                333

                334

                335

                336

                337

                338

                339

                340
                341

                342

                343

                344

                345

                346

                347

                348

                349

                350
                351

                352

                353

                354

                355

                356

                357

                358

                359

                360
                361

                362

                363

                364

                365

                366

                367

                368

                369

                370
                371

                372

                373

                374

                375

                376

                377

                378

                379

                380
                381

                382

                383

                384

                385

                386

                387

                388

                389

                390
                391

                392

                393

                394

                395

                396

                397

                398

                399

                400
                401

                402

                403

                404

                405

                406

                407

                408

                409

                410
                411

                412

                413

                414

                415

                416

                417

                418

                419

                420
                421

                422

                423

                424

                425

                426

                427

                428

                429

                430
                431

                432

                433

                434

                435

                436

                437

                438

                439

                440
                441

                442

                443

                444

                445

                446

                447

                448

                449

                450
                451

                452

                453

                454

                455

                456

                457

                458

                459

                460
                461

                462

                463

                464

                465

                466

                467

                468

                469

                470
                471

                472

                473

                474

                475

                476

                477

                478

                479

                480
                481

                482

                483

                484

                485

                486

                487

                488

                489

                490
                491

                492

                493

                494

                495

                496

                497

                498

                499

                500
                501

                502

                503

                504

                505

                506

                507

                508

                509

                510
                511

                512

                513

                514

                515

                516

                517

                518

                519

                520
                521

                522

                523

                524

                525

                526

                527

                528

                529

                530
                531

                532

                533

                534

                535

                536

                537

                538

                539

                540
                541

                542

                543

                544

                545

                546

                547

                548

                549

                550
                551

                552

                553

                554

                555

                556

                557

                558

                559

                560
                561

                562

                563

                564

                565

                566

                567

                568

                569

                570
                571

                572

                573

                574

                575

                576

                577

                578

                579

                580
                581

                582

                583

                584

                585

                586

                587

                588

                589

                590
                591

                592

                593

                594

                595

                596

                597

                598

                599

                600
                601

                602

                603

                604

                605

                606

                607

                608

                609

                610
                611

                612

                613

                614

                615

                616

                617

                618

                619

                620
                621

                622

                623

                624

                625

                626

                627

                628

                629

                630
                631

                632

                633

                634

                635

                636

                637

                638

                639

                640
                641

                642

                643

                644

                645

                646

                647

                648

                649

                650
                651

                652

                653

                654

                655

                656

                657

                658

                659

                660
                661

                662

                663

                664

                665

                666

                667

                668

                669

                670
                671

                672

                673

                674

                675

                676

                677

                678

                679

                680
                681

                682

                683

                684

                685

                686

                687

                688

                689

                690
                691

                692

                693

                694

                695

                696

                697

                698

                699

                700
                701

                702

                703

                704

                705

                706

                707

                708

                709

                710
                711

                712

                713

                714

                715

                716

                717

                718

                719

                720
                721

                722

                723

                724

                725

                726

                727

                728

                729

                730
                731

                732

                733

                734

                735

                736

                737

                738

                739

                740
                741

                742

                743

                744

                745

                746

                747

                748

                749

                750
                751

                752

                753

                754

                755

                756

                757

                758

                759

                760
                761

                762

                763

                764

                765

                766

                767

                768

                769

                770
                771

                772

                773

                774

                775

                776

                777

                778

                779

                780
                781

                782

                783

                784

                785

                786

                787

                788

                789

                790
                791

                792

                793

                794

                795

                796

                797

                798

                799

                800
                801

                802

                803

                804

                805

                806

                807

                808

                809

                810
                811

                812

                813

                814

                815

                816

                817

                818

                819

                820
                821

                822

                823

                824

                825

                826

                827

                828

                829

            ID: 237409
            +Magus of the Dead
                1

                2

                3

                4

                5

                6

                7

                8

                9

                10
                11

                12

                13

                14

                15

                16

                17

                18

                19

                20
                21

                22

                23

                24

                25

                26

                27

                28

                29

                30
                31

                32

                33

                34

                35

                36

                37

                38

                39

                40
                41

                42

                43

                44

                45

                46

                47

                48

                49

                50
                51

                52

                53

                54

                55

                56

                57

                58

                59

                60
                61

                62

                63

                64

                65

                66

                67

                68

                69

                70
                71

                72

                73

                74

                75

                76

                77

                78

                79

                80
                81

                82

                83

                84

                85

                86

                87

                88

                89

                90
                91

                92

                93

                94

                95

                96

                97

                98

                99

                100
                101

                102

                103

                104

                105

                106

                107

                108

                109

                110
                111

                112

                113

                114

                115

                116

                117

                118

                119

                120
                121

                122

                123

                124

                125

                126

                127

                128

                129

                130
                131

                132

                133

                134

                135

                136

                137

                138

                139

                140
                141

                142

                143

                144

                145

                146

                147

                148

                149

                150
                151

                152

                153

                154

                155

                156

                157

                158

                159

                160
                161

                162

                163

                164

                165

                166

                167

                168

                169

                170
                171

                172

                173

                174

                175

                176

                177

                178

                179

                180
                181

                182

                183

                184

                185

                186

                187

                188

                189

                190
                191

                192

                193

                194

                195

                196

                197

                198

                199

                200
                201

                202

                203

                204

                205

                206

                207

                208

                209

                210
                211

                212

                213

                214

                215

                216

                217

                218

                219

                220
                221

                222

                223

                224

                225

                226

                227

                228

                229

                230
                231

                232

                233

                234

                235

                236

                237

                238

                239

                240
                241

                242

                243

                244

                245

                246

                247

                248

                249

                250
                251

                252

                253

                254

                255

                256

                257

                258

                259

                260
                261

                262

                263

                264

                265

                266

                267

                268

                269

                270
                271

                272

                273

                274

                275

                276

                277

                278

                279

                280
                281

                282

                283

                284

                285

                286

                287

                288

                289

                290
                291

                292

                293

                294

                295

                296

                297

                298

                299

                300
                301

                302

                303

                304

                305

                306

                307

                308

                309

                310
                311

                312

                313

                314

                315

                316

                317

                318

                319

                320
                321

                322

                323

                324

                325

                326

                327

                328

                329

                330
                331

                332

                333

                334

                335

                336

                337

                338

                339

                340
                341

                342

                343

                344

                345

                346

                347

                348

                349

                350
                351

                352

                353

                354

                355

                356

                357

                358

                359

                360
                361

                362

            ID: 163366
            +Nazgrim
                1

                2

                3

                4

                5

                6

                7

                8

                9

                10
                11

                12

                13

                14

                15

                16

                17

                18

                19

                20
                21

                22

                23

                24

                25

                26

                27

                28

                29

                30
                31

                32

                33

                34

                35

                36

                37

                38

                39

            ID: 221634
            Rotmasher
        Shädézz
        +Feelspoonman
            +Dread Shade
                1

                2

                3

                4

                5

                6

                7

                8

                9

                10
                11

                12

                13

                14

                15

                16

                17

                18

                19

                20
                21

                22

                23

                24

                25

                26

                27

                28

                29

                30
                31

                32

                33

                34

                35

                36

                37

                38

                39

            ID: 251422
        +Powerpegging
            +Dracthyr Commando
                1

                2

                3

                4

                5

                6

                7

                8

                9

                10
                11

                12

                13

                14

                15

                16

                17

                18

                19

                20
                21

                22

                23

                24

                25

                26

                27

                28

                29

                30
                31

                32

                33

                34

                35

                36

                37

                38

                39

                40
                41

                42

                43

                44

                45

                46

            ID: 219827
            +Future Self
                1

                2

                3

                4

                5

                6

                7

                8

                9

                10
                11

                12

                13

                14

                15

                16

                17

                18

                19

                20
                21

                22

                23

                24

            ID: 253466
        +Yaavi
            +Chi-Ji
                1

                2

                3

                4

                5

                6

                7

                8

                9

                10
                11

                12

                13

                14

                15

                16

                17

                18

                19

                20
                21

                22

            ID: 166949





Friendlies Enemies
Summary
Damage Done
Damage Taken
Healing
Threat
Buffs
Debuffs
Deaths
Interrupts
Dispels
Resources
Casts

    +Ignore Events After Player Deaths
        Ignore Events After Player Deaths
        Ignore Events After A Called Wipe

Filter Expression:

    +
        Heroism
        Downtime
        Player Deaths
        Player Resurrections
        Boss Deaths
        NPC Deaths
        Show All Entries
        Hide All Entries

ZoomPer Second AmountDamage DoneDamage TakenHealing Done00:0002:0004:0006:0008:0010:0012:0014:0016:0018:0020:0022:0024:0026:0028:000k500k1,000k1,500k2,000k
Group Composition Item Level: 288.60
Tanks:	Feelspoonman
DPS:	Besttáco Shädézz Powerpegging
Healers:	Yaavi
Damage Done By Source
Name

Amount

DPS

Powerpegging
27.52%
330.26m 	190,968.6
Besttáco
27.00%
324.00m 	187,348.9
Shädézz
24.79%
297.45m 	171,999.9
Feelspoonman
14.44%
173.33m 	100,227.4
Yaavi
6.25%
75.05m 	43,396.5
Healing Done By Source
Name

Amount

HPS

Yaavi
56.67%
199.46m 	115,336.4
Feelspoonman
34.26%
120.60m 	69,735.4
Powerpegging
3.90%
13.72m 	7,936.4
Shädézz
2.70%
9.51m 	5,501.4
Besttáco
2.47%
8.68m 	5,019.0
Damage Taken By Ability
Name

Amount

DTPS

Melee
26.21%
84.98m 	49,140.1
Lightscar Flare
7.96%
25.81m 	14,923.9
Dreadbellow
7.83%
25.37m 	14,671.2
Brilliant Dispersion
5.71%
18.53m 	10,714.7
Nullwark Blast
4.41%
14.30m 	8,268.1
Searing Rend
4.24%
13.76m 	7,956.3
Arcane Zap
4.15%
13.44m 	7,772.1
Arcane Zap
3.70%
11.99m 	6,935.8
Blistering Smite
3.54%
11.47m 	6,633.3
Eclipsing Step
3.18%
10.32m 	5,965.9
Reflux Charge
2.72%
8.82m 	5,101.9
Suppression Field
2.64%
8.55m 	4,945.0
Divine Guile
2.61%
8.46m 	4,890.0
Arcing Mana
2.35%
7.63m 	4,410.7
Searing Rend
2.08%
6.73m 	3,892.3
Dark Beckoning
2.06%
6.68m 	3,865.4
Umbral Lash
1.87%
6.05m 	3,499.0
Null Sunder
1.57%
5.08m 	2,935.7
Burning Radiance
1.48%
4.79m 	2,770.3
Melee
1.13%
3.65m 	2,112.4
Sparkburn
1.05%
3.41m 	1,971.8
Searing Rend
0.73%
2.35m 	1,360.5
Creeping Void
0.66%
2.13m 	1,233.0
Searing Rend
0.58%
1.87m 	1,080.6
Suppression Field
0.54%
1.75m 	1,010.3
Devour the Unworthy
0.48%
1.57m 	908.2
Melee
0.44%
1.43m 	826.4
Entropic Leech
0.42%
1.37m 	794.0
Melee
0.41%
1.32m 	763.8
Radiant Scar
0.32%
1.04m 	602.4
Void Lash
0.29%
933.6k 	539.8
Void Lash
0.29%
933.6k 	539.8
Flailstorm
0.27%
875.9k 	506.5
Arcane Explosion
0.26%
850.9k 	492.0
Radiant Scar
0.22%
709.2k 	410.1
Umbra Bolt
0.21%
697.0k 	403.1
Mirrored Rend
0.19%
619.7k 	358.3
Holy Bolt
0.18%
597.6k 	345.5
Erratic Zap
0.17%
550.9k 	318.5
Mirrored Rend
0.16%
517.9k 	299.5
Erratic Surge
0.14%
459.0k 	265.4
Holy Echo
0.10%
314.3k 	181.8
Arcane Spill
0.09%
301.8k 	174.5
Flux Collapse
0.08%
259.1k 	149.8
Arcane Spill
0.08%
258.4k 	149.4
Stretch Time
0.07%
225.5k 	130.4
Flailstorm
0.05%
162.4k 	93.9
Flux Collapse
0.05%
147.0k 	85.0
Dimensional Shred
0.03%
109.2k 	63.2
Void Ritual
0.01%
34.8k 	20.1
Falling
0.00%
7.1k 	4.1
Deaths
Name

Killing Blow

Time

Shädézz 	Erratic Zap 	3:11
Shädézz 	Reflux Charge 	7:12
Feelspoonman 	Melee 	17:40
Characters
Tanks

Class Talents

Spec Talents

Gear

Combat Potions

Healthstones & Potions
Feelspoonman
Druid (Guardian)
287 Item Level
Rake
Frenzied Regeneration
Ursoc's Spirit
Grievous Wounds
Swipe
Verdant Heart
Remove Corruption
Nurturing Instinct 2
Killer Instinct 2
Ironfur
Improved Barkskin
Primal Fury
Thick Hide
Skull Bash
Natural Recovery
Wild Charge
Soothe
Aessina's Renewal
Typhoon
Stampeding Roar
Well-Honed Instincts
Feline Swiftness
Ursol's Vortex
Lingering Healing
Lycara's Teachings 2
Gift of the Wild
Oakskin
Lore of the Grove
Improved Stampeding Roar
Circle of the Wild
Incapacitating Roar
Symbiotic Relationship
Heart of the Wild
Fluid Form

Maul
Gore
Survival Instincts
Persistence
Dream Guide
Vulnerable Flesh
Berserk
Innate Resolve
After the Wildfire
Survival of the Fittest 2
Scintillating Moonlight 2
Reinvigoration 1
Soul of the Forest
Gift of an Ancient Guardian
Ursoc's Endurance
Reinforced Fur
Rend and Tear
Lunar Beam
Fury of Nature 2
Twin Moonfire
Flashing Claws 2
Moonless Night
Blood Frenzy
Ursoc's Fury
Incarnation: Guardian of Ursoc
Elune's Favored
Ursoc's Guidance
Galactic Guardian
Sundering Roar
Waking Nightmare
		6 	4
DPS

Class Talents

Spec Talents

Gear

Combat Potions

Healthstones & Potions
Besttáco
Death Knight (Unholy)
290 Item Level
Death Strike
Icebound Fortitude
Raise Dead
Runic Attenuation
Improved Death Strike
Cleaving Strikes
Blinding Sleet
Gloom Ward 2
Unholy Momentum 2
Mind Freeze
Wraith Walk
Enfeeble
Brittle
Veteran of the Third War
Coldthirst
Anti-Magic Zone
Unholy Bond
Icy Talons
Anti-Magic Barrier
Grip of the Dead
Asphyxiate
Unholy Endurance
Blood Scent
Suppression
Insidious Chill
Runic Protection
Blood Draw
Will of the Necropolis 2
Rune Mastery 2
Death's Echo
Null Magic

Outbreak
Scourge Strike
Sudden Doom
Dark Transformation
Putrefy
Clawing Shadows
Foul Infections
Grave Mastery
Necromancer's Cunning
Magus of the Dead
Soul Reaper
Festering Scythe
Ebon Fever
Cycle of Death
Ghoulish Frenzy
Army of the Dead
Menacing Magus
Reaping
Raise Abomination
Harbinger of Doom
Unholy Devotion
Doomed Bidding
Blightburst
Putrid Echoes
Commander of the Dead 2
Unholy Aura 2
Outnumber
Reanimation
Forbidden Knowledge 1
Forbidden Knowledge 2
Forbidden Knowledge 1
		5 	4
Shädézz
Demon Hunter (Devourer)
287 Item Level
Vengeful Retreat
Sigil of Misery
Voidblade
Unrestrained Fury
Shattered Restoration
Bouncing Glaives
Imprison
Improved Disrupt
Consume Magic
Void Nova
Aura of Pain
Disrupting Fury
Swallowed Anger
Blazing Path
Focused Ire
Soul Rending 2
Pursuit
Soul Cleanse
Illidari Knowledge 2
Will of the Illidari 2
Guile
Remorseless
Internal Struggle
First In, Last Out
Furious
Demon Muzzle
Soul Splitter 2
Darkness
Final Breath
Pitch Black
Demonic Resilience

Void Ray
Soul Immolation
Predator's Thirst
Void Metamorphosis
Feast of Souls
Tempered Soul
Collapsing Star
Moment of Craving
Soulshaper
Waste Not
Entropy
Sweet Suffering 2
Sweet Release 2
Improved Consume
Voidpurge
Focused Ray
Voidrage 2
Devourer's Edge 2
Demonic Instinct 2
Rolling Torment
Impending Apocalypse
Calamitous
Star Fragments
Eradicate
Emptiness
Midnight 1
Midnight 2
Midnight 1
		5 	1
Powerpegging
Evoker (Augmentation)
290 Item Level
Expunge
Obsidian Scales
Landslide
Natural Convergence
Verdant Embrace
Heavy Wingbeats
Obsidian Bulwark
Innate Magic 2
Scarlet Adaptation
Cauterizing Flame
Inner Radiance
Clobbering Sweep
Attuned to the Dream 2
Instinctive Arcana 2
Tip the Scales
Draconic Legacy
Extended Flight 2
Inherent Resistance 2
Blast Furnace
Panacea
Renewing Blaze
Rescue
Source of Magic
Foci of Life
Stretch Time
Leaping Flames
Aerial Mastery
Potent Mana
Zephyr
Spatial Paradox
Terror of the Skies

Ebon Might
Eruption
Essence Burst
Ricocheting Pyroclast
Essence Attunement
Pupil of Alexstrasza
Quell
Upheaval
Defy Fate
Breath of Eons
Power Nexus
Volcanism
Ignition Rush
Chrono Ward
Improved Defy Fate
Draconic Attunements
Prescience
Tectonic Locus
Momentum Shift
Fate Mirror
Hoarded Power
Anachronism
Inferno's Blessing
Accretion
Time Skip
Imminent Destruction
Rumbling Earth
Plot the Future
Interwoven Threads
Mighty Inferno
Duplicate 1
Duplicate 2
Duplicate 1
		4 	2
Healers

Class Talents

Spec Talents

Gear

Combat Potions

Healthstones & Potions
Yaavi
Monk (Mistweaver)
289 Item Level
Soothing Mist
Paralysis
Rising Sun Kick
Elusive Mists
Tiger's Lust
Fast Feet
Grace of the Crane
Calming Presence
Ancient Arts 2
Vivacious Vivification
Chi Warding
Transcendence
Celerity
Chi Wave
Stillstep Coil
Ring of Peace
Ferocity of Xuen 2
Tiger Tail Sweep
Improved Touch of Death
Dance of the Wind
Yu'lon's Grace
Fortifying Brew
Mist Caller
Save Them All
Expeditious Fortification
Vital Clarity
Swift Art
Diffuse Magic
Chi Proficiency 2
Martial Instincts 2
Lighter Than Air
Flow of Chi

Enveloping Mist
Misty Coalescence
Thunder Focus Tea
Life Cocoon
Invigorating Mists
Mana Tea
Crane Style
Healing Elixir
Revival
Calming Coalescence
Energizing Brew
Way of the Crane
Mists of Life
Rapid Diffusion 2
Invoke Chi-Ji, the Red Crane
Mist Wrap
Chrysalis
Lotus Infusion
Celestial Harmony
Gift of the Celestials
Focused Thunder
Sheilun's Gift
Morning Breeze
Pool of Mists
Jadefire Teachings
Veil of Pride
Secret Infusion 2
Emperor's Elixir
Dance of Chi-Ji
Rising Mist
Legacy of Wisdom
Mistline
		5 	3
Warcraft Logs Logo
HEY THERE.We all want Warcraft Logs to remain free.
We work hard to offer you the best possible experience.
Help us by disabling your Adblock or supporting us on Patreon.
Guild logo
Warcraft Logs
Contact Us
-
Privacy Policy
-
Video Terms of Service
-
Careers
twitter's Icon Logo
discord's Icon Logo
patreon's Icon Logo
Latest Article
Archon App: Cloud Video Released!
4 days ago
Resources
Forums
Subscribe
Help and Info
Brand
Our Websites
Archon
WoW Retail
WoW Classic
WoW SoD
WoW Classic Fresh
WoW Vanilla
Final Fantasy XIV
Elder Scrolls Online
SWTOR
Latest Raid
Statistics
Rankings
Progress
All Reports
Our Tools
Download App
WoWAnalyzer
Wipefest
Recruitment
© 2013-2026 Warcraft Logs
