<h1 class="heading-size-1">Blackbelly Mudfish</h1>
<noscript><table><tr><td><!--nstart--><!--nend--><!--ndstart--><!--ndend--><span class="q whtt-extra whtt-ilvl"><br>Item Level <!--ilvl-->25</span><!--bo--><!--ue--><!--ebstats--><!--egstats--><!--eistats--><!--nameDescStats--></td></tr></table><table><tr><td><span class="toycolor">Crafting Reagent</span><div class="whtt-extra whtt-maxstack">Max Stack: 1000</div><div class="whtt-sellprice">Sell Price: <span class="moneysilver">3</span> <span class="moneycopper">75</span></div></td></tr></table></noscript>
<div id="ic53066" style="float: left"></div>
<div id="tt53066" class="wowhead-tooltip" style="float: left; padding-top: 1px"></div>
<div style="clear: left"></div>
<div class="tooltip-options">
    <div id="sl53066"></div>
    <div id="ks53066" data-role="spell-modifiers"></div>
    <div id="iu53066"></div>
    <div id="rppm53066"></div>
    <div id="bs53066"></div>
    <div id="craftedStatsSelector53066"></div>
    <div id="cs53066"></div>
</div>

<script type="text/javascript">
WH.ge('ic53066').appendChild(Icon.create('inv_misc_fish_85', 2, null, 0, 1000));
var tt = WH.ge('tt53066');
var sl = WH.ge('sl53066');
var ks = WH.ge('ks53066');
var iu = WH.ge('iu53066');
WH.updateTooltip.call(tt,
    (WH.enhanceTooltip.bind(tt))(
        53066,
        true,
        true,
        sl,
        null,
        null,
        ks,
        null,
        iu,
        true,
        null,
        null,
        ''
    )
);
</script>





<div id="infobox-alternate-position"></div><div id="video-pos-body"><script>WH.WAS.validateUnit("video-pos-body")</script></div><h2 class="heading-size-3">Fishing Locations</h2><div>This item can be fished in <span id="locations">                        <a href="javascript:" onclick="
                            myMapper.update({
                                zone: 5034,
                                level: 0,
                            });
                            WH.setSelectedLink(this, 'mapper');
                            return false;
                            " onmousedown="return false">Uldum</a>
                        &nbsp;(479),                         <a href="javascript:" onclick="
                            myMapper.update({
                                zone: 5396,
                                level: 0,
                            });
                            WH.setSelectedLink(this, 'mapper');
                            return false;
                            " onmousedown="return false">Lost City of the Tol'vir</a>
                        &nbsp;(90),                         <a href="javascript:" onclick="
                            myMapper.update({
                                zone: 3805,
                                level: 0,
                            });
                            WH.setSelectedLink(this, 'mapper');
                            return false;
                            " onmousedown="return false">Zul'Aman</a>
                        &nbsp;(13),                         <a href="javascript:" onclick="
                            myMapper.update({
                                zone: 1977,
                                level: 0,
                            });
                            WH.setSelectedLink(this, 'mapper');
                            return false;
                            " onmousedown="return false">Zul'Gurub</a>
                        &nbsp;(8),                         <a href="javascript:" onclick="
                            myMapper.update({
                                zone: 4926,
                                level: 0,
                            });
                            WH.setSelectedLink(this, 'mapper');
                            return false;
                            " onmousedown="return false">Blackrock Caverns</a>
                        ,  and                         <a href="javascript:" onclick="
                            myMapper.update({
                                zone: 5035,
                                level: 0,
                            });
                            WH.setSelectedLink(this, 'mapper');
                            return false;
                            " onmousedown="return false">The Vortex Pinnacle</a>
                        .</span>
</div><div id="k6b43j6b"></div>
<div style="clear:left"></div>

<script>var g_mapperData = {"1977":[{"count":8,"coords":[[31.2,50.3],[31.2,50.5],[31.4,51.8],[31.5,51.8],[32.7,49.9],[33,42.3],[43.4,43],[46.7,54.5]]}],"3805":[{"count":13,"coords":[[40.1,47.9],[41.9,63.4],[42.5,37.9],[45.1,42.5],[45.4,33.6],[45.4,42.4],[46,42.5],[47.2,66.8],[67.6,37.6],[69.1,36.9],[73.9,34.5],[76.1,24.3],[80.3,56.4]]}],"4926":[{"count":1,"coords":[[45.3,87.2]]}],"5034":[{"count":479,"coords":[[26.3,9.9],[26.4,8.4],[26.4,8.5],[26.8,9.5],[26.9,10.9],[27,8.7],[27.6,9],[27.7,12],[28.2,9.8],[28.4,11.1],[28.4,12.8],[28.5,12.9],[28.8,10.1],[28.8,10.5],[28.9,11.6],[28.9,14.2],[29,14.6],[29.4,16.4],[29.4,16.5],[29.8,16.2],[29.9,10.4],[29.9,10.5],[29.9,14.4],[30,17.4],[30,20.1],[30,22.4],[30.1,17.5],[30.1,22.7],[30.1,24.2],[30.1,24.9],[30.3,15],[30.4,13.4],[30.4,18.9],[30.4,20.9],[30.5,14.5],[30.5,18.9],[30.6,16.3],[30.7,14],[30.8,20.4],[30.8,21.4],[31,21.9],[31.1,13.2],[31.1,23.2],[31.2,24.4],[31.3,25.2],[31.3,25.6],[31.3,27.4],[31.3,28.5],[31.4,11.8],[31.4,27.5],[31.6,15],[31.6,27.7],[31.6,28.7],[32.2,13.5],[32.4,11.4],[32.4,11.5],[32.4,13.2],[32.5,11.4],[32.9,13.3],[33.2,11.7],[34.1,13.2],[34.4,11.9],[34.6,11.8],[34.8,12.8],[35.5,12.7],[35.7,12.2],[35.8,11.3],[36.5,12],[37.2,10.9],[38.3,27.4],[39.1,26.8],[40,26.7],[40.1,17.4],[40.2,17.6],[40.4,18.8],[40.5,18.4],[40.6,18.9],[40.6,20],[40.6,26.6],[41.2,20.7],[41.4,22.1],[41.7,22.1],[41.8,26.4],[42.1,23.3],[42.2,23.5],[42.3,24.7],[42.3,26.8],[42.5,24.3],[42.6,24.7],[42.7,26.3],[43.3,27.3],[43.9,26.9],[44.3,27.8],[44.8,28.4],[45,27.3],[45.2,28.6],[46.3,28.9],[46.4,28.1],[46.5,28.1],[47,28.5],[47.5,28.6],[47.6,28.4],[48.1,30.5],[48.2,90.5],[48.2,91.9],[48.3,90.4],[48.4,30.4],[48.5,29.3],[48.7,30.2],[48.8,91.1],[48.9,31.5],[48.9,91.9],[49.1,34.2],[49.2,35.7],[49.2,88.4],[49.2,88.8],[49.3,34.9],[49.4,30.6],[49.4,92.9],[49.5,90.7],[49.5,91.5],[49.5,93.7],[49.7,31.3],[49.7,31.8],[49.7,90.3],[49.8,33.3],[49.8,33.5],[49.9,36.3],[49.9,94.5],[50,87.1],[50.2,95.8],[50.3,38.5],[50.4,34.9],[50.4,36.8],[50.4,38.2],[50.4,39.5],[50.4,41.4],[50.4,41.7],[50.4,98.3],[50.6,32.9],[50.6,40.1],[50.6,96.3],[50.6,98.1],[50.7,36.6],[50.7,39.2],[50.8,35.4],[50.8,36.3],[50.8,41],[50.9,38.1],[51.2,44.3],[51.3,33.8],[51.3,97.4],[51.4,41.8],[51.4,43.1],[51.4,44.6],[51.5,42.1],[51.5,43],[51.6,34.2],[51.7,41.4],[51.7,45.2],[51.8,44.4],[52.2,37.9],[52.3,45.6],[52.4,35.1],[52.4,35.7],[52.4,50.3],[52.5,35.3],[52.5,40.5],[52.7,49.9],[52.8,39.2],[52.8,44.7],[53,38],[53,44.2],[53.1,35.7],[53.2,39.6],[53.4,36.9],[53.4,42.3],[53.4,43.4],[53.6,42.9],[53.7,36.4],[53.7,39.5],[53.8,36.7],[53.8,43.7],[53.8,45.4],[54,42.2],[54.2,45.5],[54.3,38.5],[54.3,41.3],[54.4,37.7],[54.5,41.7],[54.5,43.6],[54.6,37.8],[54.8,39.6],[54.9,37.1],[55,41.4],[55.1,39.1],[55.1,45.5],[55.2,44.8],[55.2,46.7],[55.6,41.3],[55.8,40.2],[55.9,42.9],[56,47.1],[56,49.1],[56.1,21.6],[56.1,38.7],[56.1,42.1],[56.1,44.4],[56.1,47.5],[56.2,20.7],[56.2,23.8],[56.2,25.2],[56.2,37.1],[56.2,37.6],[56.2,49.7],[56.3,20.1],[56.3,25.6],[56.3,44.6],[56.3,50.9],[56.4,23.1],[56.4,26.5],[56.4,36.2],[56.4,45.6],[56.5,21.8],[56.5,26.4],[56.5,35.7],[56.5,36.5],[56.5,37.6],[56.5,47.6],[56.7,18.3],[56.7,41.6],[56.7,45.6],[56.8,20.2],[56.8,22.9],[56.8,42.6],[56.8,49],[56.9,20.6],[56.9,23.9],[57,17.1],[57,24.5],[57,27.8],[57,41.2],[57,51.5],[57.1,16.4],[57.1,19.1],[57.1,26.8],[57.1,43.5],[57.1,46.5],[57.1,85.5],[57.2,50.5],[57.2,85.1],[57.3,35.1],[57.3,39.4],[57.3,52.7],[57.4,28.6],[57.4,40.2],[57.4,49.5],[57.5,19.6],[57.5,26.8],[57.5,28.7],[57.5,35.6],[57.5,41.9],[57.5,47.4],[57.5,49.5],[57.6,48.3],[57.6,85.3],[57.7,49.1],[57.7,53.9],[57.8,34.6],[57.8,39.4],[57.8,39.5],[57.9,14.2],[57.9,14.5],[57.9,16.4],[57.9,18.8],[58,17.5],[58.1,17.1],[58.1,34.3],[58.1,40.7],[58.1,54.5],[58.2,13.4],[58.2,28],[58.2,38.1],[58.2,52.3],[58.2,53],[58.3,31.6],[58.3,51.1],[58.4,29.6],[58.4,31.4],[58.4,36.6],[58.5,13.9],[58.5,32.9],[58.6,15.4],[58.6,15.5],[58.6,29.8],[58.6,52.3],[58.6,55.3],[58.7,29.3],[58.7,56.2],[58.8,32.2],[58.8,37.5],[58.8,52.8],[58.9,31.2],[58.9,33.7],[58.9,36.1],[59,13.1],[59,37],[59,57.2],[59,71.2],[59,71.7],[59.1,70],[59.1,72.8],[59.2,34.6],[59.2,53.5],[59.2,58.1],[59.2,59.8],[59.2,65.7],[59.2,68.2],[59.2,74.9],[59.2,86.2],[59.3,59.2],[59.3,60.7],[59.3,64.4],[59.3,64.5],[59.3,67.1],[59.4,62],[59.4,62.6],[59.4,69.1],[59.4,73.5],[59.4,78.4],[59.4,78.5],[59.5,54.4],[59.5,63.9],[59.5,64.6],[59.5,66.8],[59.6,55.3],[59.6,68.9],[59.6,76.2],[59.7,65.6],[59.7,70.2],[59.7,80.3],[59.8,56.4],[59.8,56.6],[59.9,68.1],[59.9,85.7],[60,13.8],[60,14.6],[60,63.4],[60,82],[60,83.3],[60,83.5],[60.1,58.1],[60.1,60.3],[60.1,75.1],[60.2,13.3],[60.2,58.7],[60.2,77.1],[60.2,77.9],[60.2,79.3],[60.3,62.1],[60.3,80.5],[60.4,60.6],[60.4,84.9],[60.5,60.6],[60.5,63.5],[60.5,70],[60.5,85],[60.5,86],[60.6,59.4],[60.6,59.6],[60.6,62.1],[60.6,80.9],[60.6,81.6],[60.6,82.9],[60.7,63],[60.7,77],[60.8,13.3],[60.9,79],[61.2,13.5],[61.2,14.5],[61.2,84],[61.4,80.2],[61.5,14.2],[61.5,80.5],[61.6,63.4],[61.6,85.5],[61.8,81.7],[62,63.7],[62,71.8],[62,85.3],[62.2,64.7],[62.2,79.4],[62.3,72.6],[62.3,79.5],[62.3,83.4],[62.4,69.6],[62.4,83.5],[62.5,69.6],[62.5,83.5],[62.6,71.9],[62.6,72.7],[62.7,64.9],[62.7,83.4],[62.8,73.6],[62.9,68.5],[63,66.9],[63,67.8],[63.1,65.5],[63.1,79.4],[63.1,79.5],[63.2,74.6],[63.2,82.2],[63.3,78],[63.4,76.4],[63.4,76.5],[63.6,79.5],[63.6,81.8],[63.7,66.9],[63.7,76.3],[63.7,78.7],[64.2,67.6],[64.2,69.8],[64.2,77.4],[64.3,73],[64.4,68.6],[64.4,70.8],[64.4,71.5],[64.4,77.6],[64.5,68.4],[64.5,68.6],[64.6,70.1],[64.6,72.4],[64.7,79.6],[64.8,78.2],[64.9,73.4],[65.1,74.2],[65.1,78.5],[65.2,74.5],[65.2,76.4],[65.2,76.5],[65.3,70.6],[65.5,70.1],[65.5,74.4],[65.5,74.6],[65.5,78],[65.6,76.3],[66,71.3],[66,79.6],[66.1,71.5],[66.4,77],[66.5,78.2],[66.6,76.4],[67,71.4],[67,71.6],[67.1,78.8],[67.3,76.9],[67.6,76.9],[67.9,78.9],[68.1,72.3],[68.1,73.6],[68.2,72.5],[68.3,76.2],[68.5,73.1],[68.7,78.6],[68.8,75.7],[69,78.4],[69.1,73.8],[69.2,75.2],[69.2,76.9],[69.6,74.9],[69.6,77],[69.8,76.1],[70.2,78.4],[70.3,78.5],[70.9,78.9],[71.6,79],[71.7,78],[71.9,76.8],[72.1,76.4]],"uiMapId":249,"uiMapName":"Uldum"}],"5035":[{"count":1,"coords":[[47.7,89.7]]}],"5396":[{"count":90,"coords":[[22.5,49.5],[22.9,81.9],[23,15.8],[23,22.9],[23.1,43.5],[23.2,45.5],[23.3,45.4],[23.3,46.3],[23.4,44.8],[23.5,44.9],[23.5,84.7],[23.6,42.9],[24.2,97.9],[24.7,11.5],[27.2,3.8],[29.3,96.7],[29.3,96.8],[31.8,5.9],[32,6],[43.9,62.5],[44.3,47.5],[44.3,66],[45.1,70.6],[45.7,28.4],[45.7,28.6],[46.1,28.6],[46.2,32.4],[46.4,32.3],[46.4,32.5],[46.7,31.5],[46.8,30.3],[46.8,30.4],[46.8,31.2],[46.9,30.8],[47.3,35.7],[47.5,39.8],[48.2,35.4],[48.2,35.5],[48.4,35.5],[48.5,35.5],[48.9,29.4],[49,35.5],[49.1,29.5],[51.6,32.6],[51.6,32.8],[52,32.4],[53.1,32.3],[53.4,94.7],[53.5,33.2],[53.5,95],[53.6,33.5],[53.7,96.2],[55.9,41.7],[56,54.9],[56,60.2],[56.3,52.8],[56.6,52.7],[57,52.3],[57.2,50.6],[57.3,61.6],[57.4,50.4],[57.4,51],[57.5,51.4],[57.9,44.3],[58,44.7],[58.2,67.5],[58.7,51.3],[59.1,47.7],[59.3,47.2],[59.6,82.5],[59.7,52.2],[59.8,52.2],[59.8,74.1],[60.5,84.2],[60.5,84.7],[61.8,79],[62.4,79.7],[62.6,80.4],[64.3,91],[64.4,90.1],[64.9,89.4],[64.9,94.1],[65.5,93.7],[67.5,60.6],[69.2,55.6],[69.2,57],[69.9,57.6],[71,59.1],[72.3,60.8],[72.8,60.8]]}]};
var myMapper = new Mapper({"parent":"k6b43j6b","zone":5396,"name":"Blackbelly Mudfish"});
WH.gE(WH.ge('locations'), 'a')[0].onclick();
</script>
<h2 class="heading-size-3">Guides</h2><div class="guide-image-links guide-image-links-rows"><a class="guide-image-link" href="https://www.wowhead.com/guide/achievements/professions/fishing-achievements-guide">
    <span class="guide-image-link-image" style="background: url(https://wow.zamimg.com/uploads/guide/seo/2340.jpg?1481649130&amp;maxHeight=200)"></span>
        <span class="guide-image-link-text">
        <span class="guide-image-link-text-title">
            Breke's Bait Shack: Your One Stop Shop for Fishing Achievements! UPDATED for Battle for Azeroth!        </span>
            </span>
</a><a class="guide-image-link" href="https://www.wowhead.com/guide/achievements/professions/cooking-achievements-guide">
    <span class="guide-image-link-image" style="background: url(https://wow.zamimg.com/images/content/tall-headers/retail/categories/achievements.jpg?maxHeight=200)"></span>
        <span class="guide-image-link-text">
        <span class="guide-image-link-text-title">
            BrekeMart: Your Cooking Achievements One Stop Shop! [Updated for Warlords!]        </span>
            </span>
</a></div>
    <div class="db-page-collection-tracker-cta"></div>


    <script>$('.db-page-collection-tracker-cta').append(WH.Tools.createWowheadClientCta());</script>
    
<h2 class="heading-size-2 clear">Related</h2></div>